Activity	mean	median	variance	distance	diff	sign	levels	trend	distance2	distance
discrete	continuous	continuous	continuous	continuous	continuous	discrete	continuous	continuous	continuous	continuous
class										
Empty-2	-53.9907407407	-53.7722222222	0.882964050459	0.916666666667	0.7	1.0	13	3.0	1.19152528731	0.916666666667
Empty-2	-53.8740740741	-53.7722222222	1.01326185583	0.983333333333	-1.7	-1.0	15	1.0	1.2568741028	0.983333333333
Empty-2	-53.6574074074	-53.2722222222	1.01729286524	0.866666666667	-2.4	-1.0	13	1.0	1.18521412002	0.866666666667
Empty-2	-53.1851851852	-53.1	0.533456775838	0.538888888889	-0.433333333333	-1.0	12	1.0	0.68994840864	0.538888888889
Empty-2	-53.1685185185	-53.05	0.538191606922	0.537037037037	-0.444444444444	-1.0	12	1.0	0.689038215596	0.537037037037
Empty-2	-53.0444444444	-52.85	0.547587300667	0.477777777778	-1.4	-1.0	11	-1.0	0.646643756753	0.477777777778
Empty-2	-52.8111111111	-52.7	0.188168561156	0.244444444444	0.0	0.0	10	0.0	0.302459057529	0.244444444444
Empty-2	-52.8611111111	-52.85	0.19254629073	0.227777777778	-0.1	-1.0	7	0.0	0.282515158558	0.227777777778
Empty-2	-52.7777777778	-52.7	0.175962959065	0.222222222222	-0.0666666666667	-1.0	5	0.0	0.27419917065	0.222222222222
Empty-2	-52.8333333333	-52.85	0.18618986725	0.233333333333	0.0	0.0	5	0.0	0.288675134595	0.233333333333
Empty-2	-53.1166666667	-52.85	0.793515385274	0.466666666667	2.0	1.0	6	2.0	0.74161984871	0.466666666667
Empty-2	-53.15	-52.95	0.776530746333	0.766666666667	0.2	1.0	6	1.0	1.04403065089	0.766666666667
Empty-2	-53.0888888889	-52.95	0.831509114446	0.811111111111	-0.666666666667	-1.0	6	-1.0	1.06231752246	0.811111111111
Empty-2	-53.0555555556	-52.85	0.83975305012	0.822222222222	0.2	1.0	6	1.0	1.06684026365	0.822222222222
Empty-2	-53.1388888889	-52.95	0.809778204659	0.805555555556	0.1	1.0	6	1.0	1.06135831908	0.805555555556
Empty-2	-53.1555555556	-53.0	0.807373427759	0.522222222222	-1.6	-1.0	6	0.0	0.803003620674	0.522222222222
Empty-2	-52.8907407407	-53.0	0.301716625015	0.224074074074	0.211111111111	1.0	5	2.0	0.32378293801	0.224074074074
Empty-2	-52.8907407407	-53.0	0.301716625015	0.164814814815	0.566666666667	1.0	5	2.0	0.242373381309	0.164814814815
Empty-2	-53.0018518519	-53.05	0.128316096325	0.103703703704	0.2	1.0	4	2.0	0.15529077995	0.103703703704
Empty-2	-53.0185185185	-53.05	0.100287652125	0.0703703703704	-0.2	-1.0	4	0.0	0.103835894584	0.0703703703704
Empty-2	-53.3351851852	-53.05	0.820761966566	0.42037037037	1.9	1.0	5	1.0	0.863586644758	0.42037037037
Empty-2	-53.2851851852	-52.95	0.846683192217	0.785185185185	-0.311111111111	-1.0	5	-1.0	1.24596467989	0.785185185185
Empty-2	-53.2166666667	-52.9	0.879583234644	0.766666666667	-0.2	-1.0	5	-1.0	1.24365054041	0.766666666667
Empty-2	-53.2166666667	-52.9	0.879583234644	0.783333333333	-0.1	-1.0	5	-1.0	1.2456591294	0.783333333333
Empty-2	-53.2166666667	-52.9	0.879583234644	0.783333333333	0.1	1.0	5	1.0	1.2456591294	0.783333333333
Empty-2	-53.2333333333	-52.95	0.87330788767	0.433333333333	-2.0	-1.0	5	0.0	0.903696114115	0.433333333333
Empty-2	-52.9	-52.95	0.126491106407	0.0666666666667	0.2	1.0	4	1.0	0.1	0.0666666666667
Empty-2	-52.9166666667	-52.95	0.116904519445	0.0666666666667	0.2	1.0	4	1.0	0.1	0.0666666666667
Empty-2	-52.95	-52.95	0.0547722557505	0.0333333333333	0.0	0.0	4	0.0	0.057735026919	0.0333333333333
Empty-2	-52.9481481481	-52.95	0.0569455736112	0.0185185185185	-0.111111111111	-1.0	4	-2.0	0.0410760611349	0.0185185185185
Empty-2	-53.2148148148	-52.95	0.680510580524	0.303703703704	1.6	1.0	5	-1.0	0.699764804697	0.303703703704
Empty-2	-53.1314814815	-52.9	0.740083968098	0.653703703704	-0.5	-1.0	5	-2.0	1.10664844548	0.653703703704
Empty-2	-53.0814814815	-52.8944444444	0.760593227431	0.67037037037	-0.2	-1.0	5	0.0	1.10890521772	0.67037037037
Empty-2	-53.0981481481	-52.8944444444	0.756907831259	0.72037037037	0.1	1.0	5	1.0	1.11564814431	0.72037037037
Empty-2	-53.0814814815	-52.8444444444	0.76321822411	0.751851851852	-0.0888888888889	-1.0	5	1.0	1.11862275698	0.751851851852
Empty-2	-53.05	-52.75	0.776530746333	0.483333333333	-1.9	-1.0	5	-1.0	0.874642784227	0.483333333333
Empty-2	-52.75	-52.75	0.164316767252	0.15	0.3	1.0	4	1.0	0.177951304201	0.15
Empty-2	-52.7962962963	-52.7888888889	0.109919536602	0.12037037037	0.0777777777778	1.0	3	-1.0	0.158373938913	0.12037037037
Empty-2	-52.8462962963	-52.8	0.124606376126	0.107407407407	0.0	0.0	4	-1.0	0.135324636344	0.107407407407
Empty-2	-52.8462962963	-52.8	0.124606376126	0.0740740740741	0.2	1.0	4	0.0	0.107917053958	0.0740740740741
Empty-2	-52.8462962963	-52.8	0.124606376126	0.0907407407407	0.1	1.0	4	0.0	0.129019729247	0.0907407407407
Empty-2	-52.8462962963	-52.8	0.124606376126	0.0907407407407	-0.1	-1.0	4	-2.0	0.129019729247	0.0907407407407
Empty-2	-52.8796296296	-52.9	0.135976880146	0.137037037037	0.222222222222	1.0	4	0.0	0.177661999336	0.137037037037
Empty-2	-52.9166666667	-53.0	0.132916013583	0.1	0.0	0.0	4	-1.0	0.152752523165	0.1
Empty-2	-52.85	-52.9	0.176068168617	0.166666666667	-0.4	-1.0	4	-2.0	0.22360679775	0.166666666667
Empty-2	-52.85	-52.9	0.176068168617	0.2	0.2	1.0	4	0.0	0.264575131106	0.2
Empty-2	-52.8277777778	-52.85	0.191388687308	0.238888888889	-0.0333333333333	-1.0	4	0.0	0.294706382442	0.238888888889
Empty-2	-52.9277777778	-53.0	0.256832558222	0.294444444444	0.3	1.0	4	0.0	0.37242946138	0.294444444444
Empty-2	-52.9277777778	-53.0	0.256832558222	0.344444444444	0.0	0.0	4	-1.0	0.392050639208	0.344444444444
Empty-2	-52.9111111111	-52.95	0.254442018426	0.294444444444	0.3	1.0	4	-1.0	0.358752984244	0.294444444444
Empty-2	-53.3111111111	-53.0	0.852099802883	0.577777777778	2.0	1.0	5	-1.0	0.914897282233	0.577777777778
Empty-2	-53.3111111111	-53.0	0.852099802883	0.855555555556	0.333333333333	1.0	5	-1.0	1.21868174073	0.855555555556
Empty-2	-53.3833333333	-53.05	0.803533861556	0.766666666667	-0.2	-1.0	5	-1.0	1.19163752878	0.766666666667
Empty-2	-53.3166666667	-53.0	0.82804991798	0.75	-0.1	-1.0	5	-1.0	1.18813579471	0.75
Empty-2	-53.3166666667	-53.0	0.82804991798	0.75	0.1	1.0	5	1.0	1.18813579471	0.75
Empty-2	-53.3333333333	-53.0	0.818942407417	0.4	-2.0	-1.0	5	0.0	0.82259751195	0.4
Empty-2	-53.0	-53.0	0.0632455532034	0.0666666666667	0.0	0.0	4	1.0	0.1	0.0666666666667
Empty-2	-52.95	-53.0	0.137840487521	0.1	-0.4	-1.0	4	-1.0	0.152752523165	0.1
Empty-2	-52.9666666667	-53.0	0.163299316186	0.15	0.3	1.0	4	1.0	0.24152294577	0.15
Empty-2	-52.9648148148	-53.0	0.164266670675	0.185185185185	-0.111111111111	-1.0	3	-1.0	0.269811700839	0.185185185185
Empty-2	-53.1981481481	-53.0	0.611026930229	0.437037037037	1.4	1.0	4	0.0	0.67333088864	0.437037037037
Empty-2	-53.1981481481	-53.0	0.611026930229	0.67037037037	0.0	0.0	4	-1.0	0.883199384207	0.67037037037
Empty-2	-53.1814814815	-52.95	0.618826714079	0.637037037037	0.2	1.0	5	-1.0	0.875618535054	0.637037037037
Empty-2	-53.25	-53.0555555556	0.576140843549	0.588888888889	-0.0888888888889	-1.0	5	-1.0	0.855844107185	0.588888888889
Empty-2	-53.2	-52.95	0.594086080972	0.572222222222	0.0111111111111	1.0	5	-1.0	0.850744046173	0.572222222222
Empty-2	-53.2018518519	-52.95	0.592938556418	0.32037037037	-1.5	-1.0	5	-2.0	0.585823608616	0.32037037037
Empty-2	-52.9185185185	-52.9	0.136022268813	0.12037037037	-0.3	-1.0	4	-2.0	0.152280334947	0.12037037037
Empty-2	-52.9	-52.9	0.130147115239	0.135185185185	-0.0111111111111	-1.0	4	0.0	0.165738154335	0.135185185185
Empty-2	-52.9666666667	-52.9	0.208817954859	0.168518518519	0.188888888889	1.0	4	0.0	0.21956747606	0.168518518519
Empty-2	-52.9148148148	-52.8944444444	0.204355858425	0.216666666667	-0.1	-1.0	4	0.0	0.287138572245	0.216666666667
Empty-2	-53.2314814815	-52.8944444444	0.795090387491	0.55	1.9	1.0	5	1.0	0.865514428729	0.55
Empty-2	-53.2481481481	-52.9444444444	0.787766546438	0.816666666667	0.3	1.0	5	1.0	1.1324524536	0.816666666667
Empty-2	-53.2981481481	-53.0	0.754849888328	0.785185185185	0.111111111111	1.0	5	0.0	1.12982390558	0.785185185185
Empty-2	-53.3333333333	-53.05	0.73665912515	0.733333333333	-0.2	-1.0	5	0.0	1.11803398875	0.733333333333
Empty-2	-53.2833333333	-53.0	0.749444238531	0.666666666667	0.2	1.0	5	0.0	1.1	0.666666666667
Empty-2	-53.3	-53.0	0.737563556583	0.35	-1.9	-1.0	5	-2.0	0.738241153012	0.35
Empty-2	-52.962962963	-53.0	0.110591377037	0.0703703703704	-0.222222222222	-1.0	4	-2.0	0.0865431218189	0.0703703703704
Empty-2	-52.9462962963	-52.95	0.111425481197	0.0907407407407	-0.1	-1.0	4	-1.0	0.0998970663649	0.0907407407407
Empty-2	-52.962962963	-52.95	0.127398793852	0.107407407407	0.0	0.0	4	-1.0	0.122390456606	0.107407407407
Empty-2	-52.962962963	-52.95	0.127398793852	0.0907407407407	0.1	1.0	4	0.0	0.115380922174	0.0907407407407
Empty-2	-53.3333333333	-53.0	0.933915162563	0.427777777778	2.32222222222	1.0	5	2.0	0.873088741548	0.427777777778
Empty-2	-53.3166666667	-53.0	0.944032589938	0.811111111111	0.0222222222222	1.0	5	2.0	1.31820116863	0.811111111111
Empty-2	-53.337037037	-53.0	0.93131174361	0.807407407407	0.0	0.0	5	2.0	1.31788894666	0.807407407407
Empty-2	-53.3703703704	-53.1	0.915994141624	0.807407407407	0.0	0.0	5	2.0	1.31788894666	0.807407407407
Empty-2	-53.3537037037	-53.05	0.92278207014	0.824074074074	-0.1	-1.0	5	1.0	1.31852111943	0.824074074074
Empty-2	-53.287037037	-52.95	0.958533258802	0.52037037037	-2.52222222222	-1.0	5	-1.0	1.0014290201	0.52037037037
Empty-2	-52.8666666667	-52.85	0.163299316186	0.116666666667	-0.1	-1.0	4	0.0	0.158113883008	0.116666666667
Empty-2	-52.9166666667	-52.95	0.183484785927	0.166666666667	0.2	1.0	4	0.0	0.22360679775	0.166666666667
Empty-2	-52.8407407407	-52.85	0.267005956993	0.242592592593	-0.655555555556	-1.0	4	-2.0	0.339055818025	0.242592592593
Empty-2	-52.8407407407	-52.85	0.267005956993	0.335185185185	0.1	1.0	4	0.0	0.430020575639	0.335185185185
Empty-2	-53.1740740741	-52.9	0.930250641034	0.601851851852	2.3	1.0	5	2.0	0.87839874894	0.601851851852
Empty-2	-53.2074074074	-53.0	0.9132945833	0.951851851852	0.2	1.0	5	1.0	1.22742998258	0.951851851852
Empty-2	-53.2574074074	-53.05	0.887816482724	0.901851851852	-0.1	-1.0	5	1.0	1.21720350071	0.901851851852
Empty-2	-53.2037037037	-52.95	0.908741272084	0.82962962963	0.333333333333	1.0	5	1.0	1.19087753376	0.82962962963
Empty-2	-53.2796296296	-52.95	0.849732468186	0.740740740741	-0.2	-1.0	5	1.0	1.16148762281	0.740740740741
Empty-2	-53.2796296296	-52.95	0.849732468186	0.457407407407	-1.9	-1.0	5	1.0	0.868362538311	0.457407407407
Empty-2	-52.9962962963	-52.95	0.184011092884	0.140740740741	0.4	1.0	4	3.0	0.160375074775	0.140740740741
Empty-2	-52.9759259259	-52.95	0.20262678295	0.211111111111	-0.222222222222	-1.0	4	1.0	0.263640233727	0.211111111111
Empty-2	-52.9592592593	-52.9	0.204355858425	0.194444444444	0.122222222222	1.0	4	3.0	0.252518181719	0.194444444444
Empty-2	-53.0296296296	-53.0	0.202047136252	0.224074074074	0.3	1.0	4	3.0	0.276180593389	0.224074074074
Empty-2	-53.3796296296	-53.15	0.816660367827	0.490740740741	1.9	1.0	5	3.0	0.780774649626	0.490740740741
Empty-2	-53.3259259259	-53.05	0.84869301599	0.827777777778	-0.522222222222	-1.0	5	1.0	1.19414724985	0.827777777778
Empty-2	-53.2759259259	-52.95	0.859296774405	0.777777777778	0.222222222222	1.0	5	3.0	1.17845892253	0.777777777778
Empty-2	-53.3296296296	-53.05	0.831558604029	0.774074074074	0.2	1.0	5	3.0	1.17810966673	0.774074074074
Empty-2	-53.2796296296	-53.05	0.870657950914	0.807407407407	-0.6	-1.0	5	1.0	1.18937338691	0.807407407407
Empty-2	-53.2462962963	-53.0	0.878112922423	0.574074074074	-2.0	-1.0	5	1.0	0.949355423519	0.574074074074
Empty-2	-52.9296296296	-53.0	0.19983532315	0.22037037037	0.322222222222	1.0	4	3.0	0.282660784938	0.22037037037
Empty-2	-52.9166666667	-53.0	0.213697605664	0.25	-0.3	-1.0	4	1.0	0.313581462037	0.25
Empty-2	-52.95	-53.05	0.24289915603	0.316666666667	0.1	1.0	4	1.0	0.371931893407	0.316666666667
Empty-2	-52.95	-53.05	0.24289915603	0.25	0.5	1.0	4	1.0	0.313581462037	0.25
Empty-2	-53.3314814815	-53.1	0.782128045678	0.481481481481	1.88888888889	1.0	5	1.0	0.777830686031	0.481481481481
Empty-2	-53.3648148148	-53.15	0.769332456084	0.746296296296	0.1	1.0	5	-1.0	1.03862642753	0.746296296296
Empty-2	-53.3481481481	-53.15	0.777259086304	0.712962962963	0.3	1.0	5	-1.0	1.02895328172	0.712962962963
Empty-2	-53.3981481481	-53.15	0.735767564836	0.62962962963	-0.2	-1.0	5	-2.0	1.00850294462	0.62962962963
Empty-2	-53.4018518519	-53.15	0.734625685039	0.65	0.122222222222	1.0	5	0.0	1.01175193368	0.65
Empty-2	-53.4351851852	-53.2111111111	0.722629514785	0.364814814815	-1.58888888889	-1.0	5	0.0	0.70092531435	0.364814814815
Empty-2	-53.187037037	-53.2111111111	0.160925819375	0.1	0.2	1.0	4	2.0	0.132559482727	0.1
Empty-2	-53.187037037	-53.2111111111	0.160925819375	0.1	0.2	1.0	4	2.0	0.132559482727	0.1
Empty-2	-53.2425925926	-53.2611111111	0.139561335101	0.122222222222	0.333333333333	1.0	4	3.0	0.143300312016	0.122222222222
Empty-2	-53.2259259259	-53.2611111111	0.175635237426	0.157407407407	-0.322222222222	-1.0	4	1.0	0.208808101005	0.157407407407
Empty-2	-53.4888888889	-53.3166666667	0.665888434655	0.461111111111	1.5	1.0	5	1.0	0.802657622688	0.461111111111
Empty-2	-53.4555555556	-53.2666666667	0.682044855699	0.727777777778	-0.3	-1.0	5	-1.0	1.06031092575	0.727777777778
Empty-2	-53.3703703704	-53.15	0.721167320756	0.72962962963	-0.311111111111	-1.0	5	-1.0	1.06066987142	0.72962962963
Empty-2	-53.337037037	-53.05	0.735104482929	0.725925925926	-0.333333333333	-1.0	5	-1.0	1.06024300344	0.725925925926
Empty-2	-53.3148148148	-53.05	0.737251039097	0.687037037037	0.3	1.0	5	1.0	1.04856358735	0.687037037037
Empty-2	-53.3481481481	-53.1	0.719041428662	0.387037037037	-1.7	-1.0	7	-1.0	0.706742949528	0.387037037037
Empty-2	-53.0814814815	-53.1	0.120424489258	0.12037037037	0.1	1.0	6	1.0	0.139590818852	0.12037037037
Empty-2	-53.1203703704	-53.15	0.159073966283	0.107407407407	0.444444444444	1.0	5	3.0	0.122558460058	0.107407407407
Empty-2	-53.1555555556	-53.15	0.114826761625	0.127777777778	0.1	1.0	6	1.0	0.148448769065	0.127777777778
Empty-2	-53.1555555556	-53.15	0.114826761625	0.111111111111	-0.2	-1.0	6	-1.0	0.130526001383	0.111111111111
Empty-2	-53.4888888889	-53.15	0.845817597007	0.461111111111	2.1	1.0	7	1.0	0.90666258169	0.461111111111
Empty-2	-53.4907407407	-53.1555555556	0.84480742686	0.792592592593	-0.0888888888889	-1.0	5	-1.0	1.24403101598	0.792592592593
Empty-2	-53.4407407407	-53.1055555556	0.873835497886	0.805555555556	-0.433333333333	-1.0	5	-3.0	1.24582430114	0.805555555556
Empty-2	-53.4185185185	-53.1055555556	0.878794535367	0.816666666667	0.1	1.0	5	-1.0	1.2482003506	0.816666666667
Empty-2	-53.4185185185	-53.1055555556	0.878794535367	0.816666666667	0.1	1.0	5	-1.0	1.2482003506	0.816666666667
Empty-2	-53.4185185185	-53.1055555556	0.878794535367	0.466666666667	-2.2	-1.0	5	-3.0	0.867758097183	0.466666666667
Empty-2	-53.0351851852	-53.05	0.122407267328	0.135185185185	-0.211111111111	-1.0	4	-3.0	0.165613959373	0.135185185185
Empty-2	-53.0166666667	-53.0	0.116904519445	0.116666666667	0.1	1.0	4	-1.0	0.147196014439	0.116666666667
Empty-2	-53.05	-53.05	0.104880884817	0.0833333333333	-0.1	-1.0	4	-1.0	0.0912870929175	0.0833333333333
Empty-2	-52.9833333333	-53.0	0.116904519445	0.116666666667	-0.3	-1.0	4	-1.0	0.147196014439	0.116666666667
Empty-2	-53.2259259259	-53.0	0.659317517193	0.392592592593	1.55555555556	1.0	5	1.0	0.730522108796	0.392592592593
Empty-2	-53.2259259259	-53.0	0.659317517193	0.635185185185	0.1	1.0	5	1.0	0.967102924121	0.635185185185
Empty-2	-53.1759259259	-53.0	0.699149983615	0.685185185185	-0.4	-1.0	5	-1.0	0.979942889072	0.685185185185
Empty-2	-53.1425925926	-52.9	0.713828719182	0.701851851852	-0.3	-1.0	5	-1.0	0.982490745933	0.701851851852
Empty-2	-53.1259259259	-52.9	0.716185597942	0.685185185185	0.2	1.0	5	1.0	0.97824063119	0.685185185185
Empty-2	-53.1759259259	-53.0	0.699149983615	0.409259259259	-1.45555555556	-1.0	5	1.0	0.667052357568	0.409259259259
Empty-2	-52.8666666667	-52.9	0.19663841605	0.216666666667	-0.3	-1.0	4	1.0	0.261406452356	0.216666666667
Empty-2	-52.7833333333	-52.75	0.231660671385	0.183333333333	-0.1	-1.0	4	1.0	0.219848432638	0.183333333333
Empty-2	-52.85	-52.9	0.225831795813	0.233333333333	0.2	1.0	4	1.0	0.288675134595	0.233333333333
Empty-2	-52.8666666667	-52.95	0.225092573548	0.216666666667	-0.1	-1.0	4	-1.0	0.279880927062	0.216666666667
Empty-2	-53.15	-52.95	0.789303490427	0.5	1.6	1.0	5	-1.0	0.785281265959	0.5
Empty-2	-53.1666666667	-52.95	0.789092305543	0.683333333333	0.5	1.0	5	-1.0	0.982344135219	0.683333333333
Empty-2	-53.1981481481	-52.95	0.770294690015	0.701851851852	0.388888888889	1.0	5	-1.0	0.987149948375	0.701851851852
Empty-2	-53.1981481481	-52.95	0.770294690015	0.683333333333	-0.5	-1.0	5	-3.0	0.978776846491	0.683333333333
Empty-2	-53.2148148148	-53.0	0.766221019162	0.766666666667	0.2	1.0	5	-1.0	1.00813563004	0.766666666667
Empty-2	-53.1648148148	-52.9944444444	0.799920263516	0.55	-2.1	-1.0	5	-3.0	0.719725027511	0.55
Empty-2	-52.8481481481	-52.8444444444	0.273492877255	0.333333333333	-0.4	-1.0	4	-1.0	0.386873082409	0.333333333333
Empty-2	-52.8148148148	-52.8444444444	0.23090446602	0.314814814815	0.111111111111	1.0	4	1.0	0.374440597848	0.314814814815
Empty-2	-52.8166666667	-52.85	0.231660671385	0.266666666667	0.4	1.0	4	1.0	0.341565025532	0.266666666667
Empty-2	-52.9333333333	-52.95	0.216024689947	0.216666666667	0.1	1.0	4	1.0	0.267706306737	0.216666666667
Empty-2	-53.25	-52.95	0.880340843083	0.433333333333	2.4	1.0	5	3.0	0.754983443527	0.433333333333
Empty-2	-53.3166666667	-53.0	0.835264429188	0.733333333333	0.2	1.0	5	1.0	1.10905365064	0.733333333333
Empty-2	-53.35	-53.0	0.814248119433	0.7	0.0	0.0	5	0.0	1.10604400154	0.7
Empty-2	-53.3833333333	-53.1	0.80104098938	0.716666666667	0.3	1.0	5	2.0	1.10830200457	0.716666666667
Empty-2	-53.3833333333	-53.1	0.80104098938	0.716666666667	-0.3	-1.0	5	0.0	1.10830200457	0.716666666667
Empty-2	-53.35	-53.0	0.814248119433	0.433333333333	-2.0	-1.0	5	0.0	0.830662386292	0.433333333333
Empty-2	-53.0333333333	-53.0	0.103279555899	0.116666666667	0.1	1.0	4	2.0	0.158113883008	0.116666666667
Empty-2	-52.9833333333	-53.0	0.172240142437	0.183333333333	-0.3	-1.0	5	1.0	0.227303028283	0.183333333333
Empty-2	-52.9666666667	-52.95	0.175119007154	0.183333333333	-0.3	-1.0	5	1.0	0.227303028283	0.183333333333
Empty-2	-52.9148148148	-52.9	0.133271590643	0.135185185185	-0.0111111111111	-1.0	5	1.0	0.191539141687	0.135185185185
Empty-2	-52.9481481481	-52.95	0.152455889863	0.153703703704	0.1	1.0	5	1.0	0.206030482383	0.153703703704
Empty-2	-52.9314814815	-52.9	0.151113834398	0.17037037037	-0.2	-1.0	5	-1.0	0.217826903	0.17037037037
Empty-2	-52.9314814815	-52.9	0.151113834398	0.137037037037	0.4	1.0	5	1.0	0.165676068491	0.137037037037
Empty-2	-52.9648148148	-52.9	0.10480238115	0.137037037037	0.0	0.0	4	-1.0	0.165676068491	0.137037037037
Empty-2	-53.0555555556	-53.0	0.215108356273	0.225925925926	0.555555555556	1.0	4	1.0	0.277184551734	0.225925925926
Empty-2	-53.0574074074	-53.0	0.213427834008	0.281481481481	-0.2	-1.0	4	-1.0	0.344683310246	0.281481481481
Empty-2	-53.0240740741	-52.9	0.220931436397	0.248148148148	0.0	0.0	4	0.0	0.334872987408	0.248148148148
Empty-2	-53.0740740741	-53.0	0.221182754074	0.264814814815	0.1	1.0	4	0.0	0.347092568386	0.264814814815
Empty-2	-53.0759259259	-53.0055555556	0.221489532865	0.246296296296	0.211111111111	1.0	4	0.0	0.339298477436	0.246296296296
Empty-2	-53.1259259259	-53.1555555556	0.207235378393	0.17037037037	-0.244444444444	-1.0	4	0.0	0.258915115505	0.17037037037
Empty-2	-53.2351851852	-53.1555555556	0.445078251778	0.22962962963	1.2	1.0	6	2.0	0.390683689007	0.22962962963
Empty-2	-53.2018518519	-53.1555555556	0.481223577651	0.462962962963	-0.2	-1.0	6	1.0	0.692315254434	0.462962962963
Empty-2	-53.2	-53.1555555556	0.482636790563	0.444444444444	-0.311111111111	-1.0	6	1.0	0.685745516632	0.444444444444
Empty-2	-53.2	-53.1555555556	0.482636790563	0.481481481481	0.0888888888889	1.0	6	3.0	0.696463730854	0.481481481481
Empty-2	-53.1481481481	-53.0444444444	0.510031064978	0.533333333333	-0.4	-1.0	6	1.0	0.71443090823	0.533333333333
Empty-2	-53.0814814815	-52.8444444444	0.527732941565	0.383333333333	-1.3	-1.0	5	0.0	0.612708350387	0.383333333333
Empty-2	-52.8796296296	-52.8444444444	0.171905323737	0.164814814815	0.188888888889	1.0	4	2.0	0.223744784062	0.164814814815
Empty-2	-52.912962963	-52.8888888889	0.147809798814	0.135185185185	0.0111111111111	1.0	4	2.0	0.21008522668	0.135185185185
Empty-2	-52.9481481481	-52.8944444444	0.165053925594	0.116666666667	-0.1	-1.0	4	2.0	0.186200918078	0.116666666667
Empty-2	-52.8981481481	-52.8944444444	0.109638388039	0.0833333333333	0.1	1.0	4	2.0	0.121123003154	0.0833333333333
Empty-2	-53.1648148148	-52.9	0.613084356336	0.333333333333	1.6	1.0	5	3.0	0.624236158752	0.333333333333
Empty-2	-53.1425925926	-52.9	0.631103938405	0.607407407407	-0.222222222222	-1.0	5	1.0	0.942918156685	0.607407407407
Empty-2	-53.1944444444	-53.0	0.61875023382	0.694444444444	0.3	1.0	5	1.0	0.967719732919	0.694444444444
Empty-2	-53.2111111111	-53.05	0.610524971431	0.694444444444	-0.1	-1.0	5	-1.0	0.967719732919	0.694444444444
Empty-2	-53.1444444444	-52.95	0.645898742207	0.711111111111	-0.2	-1.0	5	-1.0	0.972015851113	0.711111111111
Empty-2	-53.1611111111	-53.0	0.639588988393	0.511111111111	-1.4	-1.0	5	-1.0	0.764731858114	0.511111111111
Empty-2	-52.9111111111	-52.95	0.20184335694	0.238888888889	0.233333333333	1.0	4	-1.0	0.292815198958	0.238888888889
Empty-2	-52.95	-52.95	0.164316767252	0.15	-0.3	-1.0	4	-2.0	0.195789002075	0.15
Empty-2	-52.95	-52.95	0.164316767252	0.166666666667	0.2	1.0	4	0.0	0.216024689947	0.166666666667
Empty-2	-52.95	-52.95	0.164316767252	0.15	0.3	1.0	4	0.0	0.195789002075	0.15
Empty-2	-53.2833333333	-53.0	0.702614166287	0.383333333333	1.7	1.0	5	0.0	0.710633520178	0.383333333333
Empty-2	-53.3333333333	-53.1	0.688960569747	0.6	0.4	1.0	5	0.0	0.911043357914	0.6
Empty-2	-53.3666666667	-53.15	0.668331255192	0.633333333333	0.2	1.0	5	-1.0	0.914694848934	0.633333333333
Empty-2	-53.4203703704	-53.2111111111	0.63547072731	0.603703703704	0.0222222222222	1.0	5	-1.0	0.907830589152	0.603703703704
Empty-2	-53.3703703704	-53.1611111111	0.667283665102	0.624074074074	-0.1	-1.0	5	-1.0	0.913670749605	0.624074074074
Empty-2	-53.337037037	-53.1611111111	0.693947970678	0.357407407407	-1.9	-1.0	6	-3.0	0.595646068302	0.357407407407
Empty-2	-53.037037037	-53.0	0.20057530425	0.140740740741	-0.4	-1.0	5	-1.0	0.172610077003	0.140740740741
Empty-2	-52.987037037	-52.95	0.153866491217	0.124074074074	-0.1	-1.0	5	1.0	0.157461864218	0.124074074074
Empty-2	-52.9203703704	-52.9	0.179631538745	0.153703703704	-0.522222222222	-1.0	5	-1.0	0.193143798112	0.153703703704
Empty-2	-52.9166666667	-52.9	0.172240142437	0.183333333333	0.3	1.0	5	1.0	0.248327740429	0.183333333333
Empty-2	-53.2666666667	-52.95	0.866410218469	0.466666666667	2.2	1.0	6	3.0	0.774596669241	0.466666666667
Empty-2	-53.3185185185	-53.0555555556	0.841857636323	0.764814814815	0.211111111111	1.0	5	1.0	1.0922378583	0.764814814815
Empty-2	-53.3351851852	-53.0555555556	0.832856653789	0.766666666667	0.0	0.0	5	-1.0	1.09241680946	0.766666666667
Empty-2	-53.3518518519	-53.1055555556	0.825778096719	0.733333333333	0.4	1.0	5	1.0	1.08629699082	0.733333333333
Empty-2	-53.4018518519	-53.1055555556	0.78656674402	0.666666666667	-0.2	-1.0	5	-1.0	1.06772709634	0.666666666667
Empty-2	-53.312962963	-53.05	0.842114231325	0.422222222222	-2.33333333333	-1.0	5	-3.0	0.78648564563	0.422222222222
Empty-2	-52.962962963	-53.0	0.16445445415	0.146296296296	-0.211111111111	-1.0	4	-1.0	0.181613708444	0.146296296296
Empty-2	-52.9444444444	-53.0	0.150061715699	0.144444444444	0.0	0.0	4	1.0	0.18053418677	0.144444444444
Empty-2	-52.9444444444	-53.0	0.150061715699	0.127777777778	-0.1	-1.0	4	0.0	0.17585768657	0.127777777778
Empty-2	-52.9111111111	-52.95	0.129386014471	0.127777777778	-0.1	-1.0	4	0.0	0.17585768657	0.127777777778
Empty-2	-53.262962963	-52.95	0.913564898103	0.440740740741	2.44444444444	1.0	5	2.0	0.909528888136	0.440740740741
Empty-2	-53.3185185185	-53.0	0.879552823157	0.753703703704	0.1	1.0	5	0.0	1.24938668081	0.753703703704
Empty-2	-53.3018518519	-53.0	0.889955378731	0.77037037037	-0.2	-1.0	5	-2.0	1.25138606281	0.77037037037
Empty-2	-53.3018518519	-53.0	0.889955378731	0.803703703704	0.0	0.0	5	-1.0	1.25404694683	0.803703703704
Empty-2	-53.3203703704	-53.0	0.883551102903	0.805555555556	0.211111111111	1.0	5	1.0	1.25420281109	0.805555555556
Empty-2	-53.3537037037	-53.05	0.868158734609	0.438888888889	-2.01111111111	-1.0	5	-1.0	0.870752477196	0.438888888889
Empty-2	-53.0351851852	-53.05	0.137780764603	0.103703703704	0.2	1.0	4	1.0	0.130683546403	0.103703703704
Empty-2	-52.9685185185	-53.05	0.226450514221	0.17037037037	-0.2	-1.0	4	1.0	0.26535169612	0.17037037037
Empty-2	-52.9833333333	-53.05	0.215881769197	0.185185185185	-0.111111111111	-1.0	4	1.0	0.278665248977	0.185185185185
Empty-2	-53.0166666667	-53.1055555556	0.233676995598	0.218518518519	0.0888888888889	1.0	4	1.0	0.302866959343	0.218518518519
Empty-2	-53.2481481481	-53.15	0.654657262762	0.433333333333	1.4	1.0	5	3.0	0.611043767333	0.433333333333
Empty-2	-53.2481481481	-53.15	0.654657262762	0.65	-0.1	-1.0	5	1.0	0.835688031263	0.65
Empty-2	-53.2148148148	-53.05	0.662642173579	0.566666666667	0.4	1.0	5	1.0	0.800025719751	0.566666666667
Empty-2	-53.2814814815	-53.05	0.606127830166	0.518518518519	0.111111111111	1.0	5	0.0	0.791284833194	0.518518518519
Empty-2	-53.3166666667	-53.1	0.584522597225	0.483333333333	-0.1	-1.0	5	0.0	0.782091213777	0.483333333333
Empty-2	-53.2833333333	-53.05	0.598052394583	0.283333333333	-1.5	-1.0	5	-2.0	0.575905084772	0.283333333333
Empty-2	-53.0666666667	-53.05	0.0816496580928	0.0833333333333	0.1	1.0	4	0.0	0.108012344973	0.0833333333333
Empty-2	-53.0685185185	-53.05	0.0826764231598	0.0814814814815	0.111111111111	1.0	4	0.0	0.106380789751	0.0814814814815
Empty-2	-53.1185185185	-53.1055555556	0.116675484676	0.112962962963	0.3	1.0	4	1.0	0.131390161297	0.112962962963
Empty-2	-53.1185185185	-53.1055555556	0.116675484676	0.146296296296	-0.1	-1.0	4	-1.0	0.174919146519	0.146296296296
Empty-2	-53.4351851852	-53.1555555556	0.775374594191	0.462962962963	2.0	1.0	5	1.0	0.83402440481	0.462962962963
Empty-2	-53.4907407407	-53.25	0.749466202358	0.707407407407	0.133333333333	1.0	5	-1.0	1.07326278428	0.707407407407
Empty-2	-53.4574074074	-53.2055555556	0.76917196673	0.748148148148	-0.111111111111	-1.0	5	-1.0	1.08124680356	0.748148148148
Empty-2	-53.4722222222	-53.25	0.761990570565	0.75	-0.1	-1.0	5	-1.0	1.08157977737	0.75
Empty-2	-53.4555555556	-53.2	0.767583992267	0.7	0.2	1.0	5	0.0	1.07462310361	0.7
Empty-2	-53.4925925926	-53.2111111111	0.74627194152	0.37037037037	-1.77777777778	-1.0	5	0.0	0.698734894416	0.37037037037
Empty-2	-53.2092592593	-53.2111111111	0.116410653848	0.105555555556	-0.0333333333333	-1.0	4	2.0	0.162097872178	0.105555555556
Empty-2	-53.187037037	-53.2	0.0994842668042	0.0666666666667	0.2	1.0	4	2.0	0.0970766105339	0.0666666666667
Empty-2	-53.187037037	-53.2	0.0994842668042	0.0666666666667	-0.2	-1.0	4	0.0	0.0970766105339	0.0666666666667
Empty-2	-53.187037037	-53.2	0.0994842668042	0.1	0.0	0.0	4	1.0	0.126848472515	0.1
Empty-2	-53.5055555556	-53.2111111111	0.792799384584	0.414814814815	1.88888888889	1.0	5	1.0	0.790400221589	0.414814814815
Empty-2	-53.4685185185	-53.2	0.813600947675	0.753703703704	-0.3	-1.0	5	-1.0	1.16898359002	0.753703703704
Empty-2	-53.4851851852	-53.2	0.810476667143	0.803703703704	0.2	1.0	5	1.0	1.17962817606	0.803703703704
Empty-2	-53.4851851852	-53.2	0.810476667143	0.803703703704	0.2	1.0	5	1.0	1.17962817606	0.803703703704
Empty-2	-53.5592592593	-53.3	0.776877786174	0.811111111111	0.244444444444	1.0	5	1.0	1.18102278336	0.811111111111
Empty-2	-53.5592592593	-53.3	0.776877786174	0.533333333333	-1.91111111111	-1.0	5	-1.0	0.89221599555	0.533333333333
Empty-2	-53.2740740741	-53.3	0.171365851744	0.214814814815	0.4	1.0	4	1.0	0.244780913213	0.214814814815
Empty-2	-53.2574074074	-53.3	0.204928974949	0.231481481481	-0.5	-1.0	4	-1.0	0.273710970685	0.231481481481
Empty-2	-53.2277777778	-53.2111111111	0.192674484014	0.251851851852	0.0222222222222	1.0	4	1.0	0.292498812913	0.251851851852
Empty-2	-53.1777777778	-53.2111111111	0.235492654075	0.264814814815	-0.544444444444	-1.0	4	-1.0	0.304797038319	0.264814814815
Empty-2	-53.4203703704	-53.2111111111	0.750881512136	0.557407407407	1.7	1.0	5	1.0	0.865799661295	0.557407407407
Empty-2	-53.4537037037	-53.3111111111	0.743545615483	0.774074074074	0.0	0.0	5	-1.0	1.05732794668	0.774074074074
Empty-2	-53.4240740741	-53.2222222222	0.749630910554	0.72037037037	0.322222222222	1.0	5	-1.0	1.0399726967	0.72037037037
Empty-2	-53.5574074074	-53.3111111111	0.707749577902	0.746296296296	0.477777777778	1.0	5	-1.0	1.0498971143	0.746296296296
Empty-2	-53.6037037037	-53.45	0.69030916912	0.725925925926	0.6	1.0	5	-1.0	1.04481868788	0.725925925926
Empty-2	-53.6703703704	-53.45	0.624980658137	0.425925925926	-1.6	-1.0	5	-3.0	0.656997785792	0.425925925926
Empty-2	-53.3703703704	-53.35	0.212761579501	0.209259259259	-0.3	-1.0	4	-3.0	0.251620263893	0.209259259259
Empty-2	-53.3037037037	-53.2611111111	0.259216927761	0.196296296296	-0.222222222222	-1.0	4	-3.0	0.244360254862	0.196296296296
Empty-2	-53.3	-53.25	0.260768096208	0.15	-0.5	-1.0	4	-3.0	0.168325082306	0.15
Empty-2	-53.2166666667	-53.2	0.172240142437	0.116666666667	-0.3	-1.0	4	-2.0	0.147196014439	0.116666666667
Empty-2	-53.4333333333	-53.2	0.677249338624	0.35	1.5	1.0	5	0.0	0.664580067913	0.35
Empty-2	-53.4388888889	-53.2	0.676072536104	0.561111111111	0.233333333333	1.0	5	0.0	0.890796564047	0.561111111111
Empty-2	-53.4388888889	-53.2	0.676072536104	0.583333333333	0.1	1.0	5	0.0	0.894944649644	0.583333333333
Empty-2	-53.4388888889	-53.2	0.676072536104	0.566666666667	-0.2	-1.0	5	-2.0	0.892146807384	0.566666666667
Empty-2	-53.3888888889	-53.15	0.707630370137	0.583333333333	-0.3	-1.0	5	-3.0	0.893080395369	0.583333333333
Empty-2	-53.3740740741	-53.1055555556	0.713283718131	0.351851851852	-1.68888888889	-1.0	5	-3.0	0.615104795515	0.351851851852
Empty-2	-53.1240740741	-53.1055555556	0.167982460382	0.138888888889	-0.0333333333333	-1.0	4	-1.0	0.160567409533	0.138888888889
Empty-2	-53.0351851852	-53.05	0.176021416579	0.183333333333	-0.3	-1.0	4	-1.0	0.241608124029	0.183333333333
Empty-2	-53.0685185185	-53.0555555556	0.20696712528	0.25	0.3	1.0	4	1.0	0.313647071717	0.25
Empty-2	-53.1055555556	-53.1666666667	0.212073828282	0.246296296296	0.322222222222	1.0	4	1.0	0.31259566437	0.246296296296
Empty-2	-53.4888888889	-53.2611111111	0.858796171508	0.540740740741	2.08888888889	1.0	5	1.0	0.861523198888	0.540740740741
Empty-2	-53.5037037037	-53.2611111111	0.851713354281	0.842592592593	-0.1	-1.0	5	-1.0	1.18445868937	0.842592592593
Empty-2	-53.5037037037	-53.2611111111	0.851713354281	0.775925925926	0.5	1.0	5	1.0	1.16745123531	0.775925925926
Empty-2	-53.587037037	-53.3	0.791417439652	0.692592592593	0.0	0.0	5	0.0	1.14946758117	0.692592592593
Empty-2	-53.537037037	-53.2611111111	0.82206204646	0.72962962963	-0.222222222222	-1.0	5	0.0	1.15553774915	0.72962962963
Empty-2	-53.5	-53.25	0.843800924389	0.4	-2.2	-1.0	5	-1.0	0.826639784509	0.4
Empty-2	-53.2	-53.25	0.167332005307	0.133333333333	0.2	1.0	4	1.0	0.208166599947	0.133333333333
Empty-2	-53.1666666667	-53.15	0.18618986725	0.183333333333	-0.3	-1.0	4	-1.0	0.261406452356	0.183333333333
Empty-2	-53.1722222222	-53.15	0.191388687308	0.238888888889	0.0333333333333	1.0	4	0.0	0.294706382442	0.238888888889
Empty-2	-53.1388888889	-53.05	0.181862789141	0.227777777778	0.1	1.0	4	0.0	0.284474824766	0.227777777778
Empty-2	-53.1388888889	-53.05	0.181862789141	0.244444444444	0.0	0.0	4	-1.0	0.287389270142	0.244444444444
Empty-2	-53.1555555556	-53.1	0.170836720834	0.194444444444	-0.3	-1.0	4	-1.0	0.239984567405	0.194444444444
Empty-2	-53.0703703704	-53.05	0.150827620791	0.162962962963	-0.111111111111	-1.0	4	-1.0	0.195841541724	0.162962962963
Empty-2	-53.137037037	-53.1	0.195336577734	0.192592592593	0.0666666666667	1.0	4	-1.0	0.251742895822	0.192592592593
Empty-2	-53.1314814815	-53.1	0.189008676614	0.17037037037	0.2	1.0	4	-1.0	0.236573621077	0.17037037037
Empty-2	-53.1481481481	-53.15	0.19008336919	0.17037037037	0.2	1.0	4	-1.0	0.236573621077	0.17037037037
Empty-2	-53.1481481481	-53.15	0.19008336919	0.187037037037	-0.1	-1.0	4	-3.0	0.246915123452	0.187037037037
Empty-2	-53.1814814815	-53.25	0.197348681418	0.201851851852	0.411111111111	1.0	4	-1.0	0.261799722403	0.201851851852
Empty-2	-53.1833333333	-53.25	0.194079021707	0.183333333333	-0.5	-1.0	4	-3.0	0.227303028283	0.183333333333
Empty-2	-53.15	-53.2	0.164316767252	0.216666666667	-0.1	-1.0	4	-1.0	0.25495097568	0.216666666667
Empty-2	-53.4166666667	-53.2	0.741395081361	0.483333333333	1.7	1.0	5	1.0	0.738241153012	0.483333333333
Empty-2	-53.4388888889	-53.25	0.735577374634	0.711111111111	0.333333333333	1.0	5	1.0	0.973348553914	0.711111111111
Empty-2	-53.4555555556	-53.25	0.724696615961	0.7	-0.2	-1.0	5	-1.0	0.970299686428	0.7
Empty-2	-53.4555555556	-53.25	0.724696615961	0.666666666667	0.4	1.0	5	1.0	0.95993826962	0.666666666667
Empty-2	-53.4388888889	-53.25	0.740995326621	0.7	-0.4	-1.0	5	-1.0	0.97372899112	0.7
Empty-2	-53.4425925926	-53.2611111111	0.739616739812	0.487037037037	-1.67777777778	-1.0	5	-1.0	0.704409976958	0.487037037037
Empty-2	-53.1425925926	-53.1611111111	0.194163818662	0.246296296296	-0.233333333333	-1.0	4	-1.0	0.299347713367	0.246296296296
Empty-2	-53.1203703704	-53.15	0.174613034835	0.224074074074	0.1	1.0	4	1.0	0.286708294422	0.224074074074
Empty-2	-53.1537037037	-53.2111111111	0.188485407847	0.207407407407	0.0	0.0	4	1.0	0.277851841978	0.207407407407
Empty-2	-53.0666666667	-53.15	0.224543432517	0.211111111111	-0.0222222222222	-1.0	4	1.0	0.284583299441	0.211111111111
Empty-2	-53.3833333333	-53.2111111111	0.670387763228	0.461111111111	1.47777777778	1.0	5	1.0	0.816761143439	0.461111111111
Empty-2	-53.362962963	-53.15	0.678075223136	0.707407407407	0.0	0.0	5	1.0	1.04464143138	0.707407407407
Empty-2	-53.3962962963	-53.25	0.667394664243	0.724074074074	0.1	1.0	5	1.0	1.04703186206	0.724074074074
Empty-2	-53.362962963	-53.2	0.683948834512	0.757407407407	-0.3	-1.0	5	-1.0	1.05337982395	0.757407407407
Empty-2	-53.4055555556	-53.2	0.687193253678	0.762962962963	0.777777777778	1.0	5	1.0	1.05621811565	0.762962962963
Empty-2	-53.4759259259	-53.25	0.629223180358	0.501851851852	-1.5	-1.0	5	-1.0	0.721694964233	0.501851851852
Empty-2	-53.1592592593	-53.15	0.259407365104	0.301851851852	-0.3	-1.0	4	-1.0	0.347625691512	0.301851851852
Empty-2	-53.1425925926	-53.1	0.267075304188	0.301851851852	-0.3	-1.0	4	-1.0	0.347625691512	0.301851851852
Empty-2	-53.1111111111	-53.0555555556	0.25570044202	0.27037037037	0.111111111111	1.0	4	1.0	0.328483233313	0.27037037037
Empty-2	-53.1277777778	-53.1055555556	0.250209788521	0.17962962963	-0.455555555556	-1.0	4	-1.0	0.237658329291	0.17962962963
Empty-2	-53.0518518519	-53.1	0.138718413896	0.12037037037	-0.1	-1.0	4	0.0	0.188179495785	0.12037037037
Empty-2	-53.0351851852	-53.1	0.122407267328	0.0537037037037	0.3	1.0	4	1.0	0.0935139346145	0.0537037037037
Empty-2	-53.1240740741	-53.1	0.1105355463	0.0592592592593	0.333333333333	1.0	4	1.0	0.105604277255	0.0592592592593
Empty-2	-53.1240740741	-53.1	0.1105355463	0.0962962962963	-0.111111111111	-1.0	4	-1.0	0.166172105735	0.0962962962963
Empty-2	-53.1555555556	-53.1	0.131092277367	0.144444444444	0.2	1.0	4	1.0	0.206379729122	0.144444444444
Empty-2	-53.1722222222	-53.15	0.128955921266	0.161111111111	0.1	1.0	4	0.0	0.210378846986	0.161111111111
Empty-2	-53.1555555556	-53.15	0.145551314612	0.194444444444	-0.1	-1.0	3	-1.0	0.225667733462	0.194444444444
Empty-2	-53.1555555556	-53.15	0.145551314612	0.172222222222	-0.233333333333	-1.0	4	-1.0	0.208610926172	0.172222222222
Empty-2	-53.1666666667	-53.15	0.163299316186	0.166666666667	0.4	1.0	4	1.0	0.2	0.166666666667
Empty-2	-53.1666666667	-53.15	0.163299316186	0.183333333333	-0.3	-1.0	4	-1.0	0.227303028283	0.183333333333
Empty-2	-53.4166666667	-53.15	0.694022093789	0.466666666667	1.6	1.0	5	1.0	0.768114574787	0.466666666667
Empty-2	-53.4203703704	-53.1611111111	0.692692605177	0.696296296296	0.222222222222	1.0	5	1.0	0.999114834579	0.696296296296
Empty-2	-53.4037037037	-53.1611111111	0.705906882492	0.733333333333	-0.2	-1.0	5	-1.0	1.00691028039	0.733333333333
Empty-2	-53.3703703704	-53.1111111111	0.727507724847	0.683333333333	-0.5	-1.0	5	-2.0	0.999433996198	0.683333333333
Empty-2	-53.3037037037	-53.0	0.742424013376	0.633333333333	0.0	0.0	4	0.0	0.986847664413	0.633333333333
Empty-2	-53.2851851852	-52.95	0.75282731831	0.351851851852	-1.91111111111	-1.0	4	-2.0	0.660246867411	0.351851851852
Empty-2	-53.0351851852	-52.95	0.181273501385	0.157407407407	0.0777777777778	1.0	4	0.0	0.221805164196	0.157407407407
Empty-2	-53.0481481481	-52.95	0.1992165726	0.103703703704	0.4	1.0	4	1.0	0.178586125204	0.103703703704
Empty-2	-53.0981481481	-53.1	0.192118362008	0.12037037037	0.3	1.0	4	0.0	0.183192987808	0.12037037037
Empty-2	-53.1703703704	-53.25	0.184011092884	0.125925925926	0.333333333333	1.0	4	0.0	0.186697528313	0.125925925926
Empty-2	-53.4537037037	-53.3	0.632198463395	0.335185185185	1.81111111111	1.0	5	2.0	0.586595815026	0.335185185185
Empty-2	-53.5055555556	-53.3	0.587808232775	0.516666666667	-0.1	-1.0	5	0.0	0.831219541352	0.516666666667
Empty-2	-53.5055555556	-53.3	0.587808232775	0.533333333333	0.0	0.0	5	1.0	0.832221480492	0.533333333333
Empty-2	-53.4740740741	-53.25	0.605801852732	0.548148148148	-0.0888888888889	-1.0	5	1.0	0.834788852335	0.548148148148
Empty-2	-53.4407407407	-53.25	0.628958247713	0.544444444444	-0.333333333333	-1.0	5	-1.0	0.834246413351	0.544444444444
Empty-2	-53.4351851852	-53.25	0.630242620994	0.366666666667	-1.4	-1.0	5	-1.0	0.632195208692	0.366666666667
Empty-2	-53.1518518519	-53.1555555556	0.137107089202	0.166666666667	-0.2	-1.0	4	-1.0	0.199175254218	0.166666666667
Empty-2	-53.1351851852	-53.1055555556	0.136158344034	0.166666666667	-0.2	-1.0	4	-1.0	0.199175254218	0.166666666667
Empty-2	-53.0666666667	-53.05	0.140017635574	0.17037037037	-0.222222222222	-1.0	4	-1.0	0.202860206483	0.17037037037
Empty-2	-53.0981481481	-53.05	0.170027836017	0.22037037037	0.3	1.0	5	1.0	0.259351835323	0.22037037037
Empty-2	-53.3981481481	-53.2	0.705863158377	0.42037037037	1.5	1.0	6	1.0	0.653653864431	0.42037037037
Empty-2	-53.3648148148	-53.1	0.716073541525	0.653703703704	0.1	1.0	6	1.0	0.945478736489	0.653703703704
Empty-2	-53.4203703704	-53.2	0.694721426244	0.675925925926	0.233333333333	1.0	6	1.0	0.94938793365	0.675925925926
Empty-2	-53.5037037037	-53.3166666667	0.678402869006	0.685185185185	0.711111111111	1.0	6	3.0	0.951714934669	0.685185185185
Empty-2	-53.5222222222	-53.3166666667	0.659517219611	0.716666666667	-0.3	-1.0	6	1.0	0.968293649981	0.716666666667
Empty-2	-53.6222222222	-53.4666666667	0.664552202336	0.616666666667	-0.9	-1.0	7	1.0	0.83522008632	0.616666666667
Empty-2	-53.3222222222	-53.2166666667	0.365553866933	0.483333333333	-0.1	-1.0	6	1.0	0.59239001167	0.483333333333
Empty-2	-53.4222222222	-53.4666666667	0.374561471986	0.561111111111	0.366666666667	1.0	11	1.0	0.650783004172	0.561111111111
Empty-2	-54.15	-53.65	1.77848249921	1.18333333333	4.1	1.0	12	1.0	1.75451797749	1.18333333333
Empty-2	-54.1	-53.5	1.80111076839	1.81666666667	0.3	1.0	12	1.0	2.49899979992	1.81666666667
Empty-2	-54.1555555556	-53.5166666667	1.7651775695	1.67222222222	-0.566666666667	-1.0	13	1.0	2.47187887753	1.67222222222
Empty-2	-53.9222222222	-53.3166666667	1.89357588431	1.66111111111	-0.5	-1.0	12	1.0	2.46798013078	1.66111111111
Empty-2	-53.7555555556	-53.3166666667	2.03007024144	1.62777777778	-1.7	-1.0	12	-1.0	2.45986298926	1.62777777778
