Corner03-2
(1388668339, 193466) -77 dBm
(1388668339, 295761) -76 dBm
(1388668339, 398361) -77 dBm
(1388668339, 500747) -79 dBm
(1388668339, 603134) -78 dBm
(1388668339, 705612) -78 dBm
(1388668339, 807968) -78 dBm
(1388668339, 910354) -78 dBm
(1388668340, 12741) -79 dBm
(1388668340, 115219) -78 dBm
(1388668340, 217544) -78 dBm
(1388668340, 319931) -78 dBm
(1388668340, 422348) -80 dBm
(1388668340, 524826) -78 dBm
(1388668340, 627151) -78 dBm
(1388668340, 729568) -78 dBm
(1388668340, 831955) -80 dBm
(1388668340, 934341) -80 dBm
(1388668341, 36758) -79 dBm
(1388668341, 139145) -78 dBm
(1388668341, 241562) -77 dBm
(1388668341, 343948) -78 dBm
(1388668341, 446396) -78 dBm
(1388668341, 548752) -78 dBm
(1388668341, 651169) -78 dBm
(1388668341, 753586) -78 dBm
(1388668341, 856003) -80 dBm
(1388668341, 958359) -81 dBm
(1388668342, 60775) -79 dBm
(1388668342, 163162) -80 dBm
(1388668342, 265609) -79 dBm
(1388668342, 367965) -81 dBm
(1388668342, 470321) -82 dBm
(1388668342, 572769) -79 dBm
(1388668342, 675216) -81 dBm
(1388668342, 777572) -78 dBm
(1388668342, 879959) -80 dBm
(1388668342, 982376) -79 dBm
(1388668343, 84854) -80 dBm
(1388668343, 187179) -83 dBm
(1388668343, 289627) -82 dBm
(1388668343, 391983) -79 dBm
(1388668343, 494369) -82 dBm
(1388668343, 596786) -80 dBm
(1388668343, 699173) -81 dBm
(1388668343, 801590) -80 dBm
(1388668343, 903976) -80 dBm
(1388668344, 6454) -80 dBm
(1388668344, 112503) -83 dBm
(1388668344, 211197) -82 dBm
(1388668344, 313583) -80 dBm
(1388668344, 416061) -80 dBm
(1388668344, 518387) -81 dBm
(1388668344, 620804) -80 dBm
(1388668344, 723190) -78 dBm
(1388668344, 825638) -78 dBm
(1388668344, 927994) -81 dBm
(1388668345, 30411) -79 dBm
(1388668345, 132828) -80 dBm
(1388668345, 235214) -80 dBm
(1388668345, 337600) -79 dBm
(1388668345, 439987) -79 dBm
(1388668345, 542404) -78 dBm
(1388668345, 644821) -80 dBm
(1388668345, 747207) -82 dBm
(1388668345, 849624) -83 dBm
(1388668345, 952011) -81 dBm
(1388668346, 54397) -80 dBm
(1388668346, 156814) -80 dBm
(1388668346, 259201) -80 dBm
(1388668346, 361618) -81 dBm
(1388668346, 464004) -80 dBm
(1388668346, 566482) -80 dBm
(1388668346, 668869) -81 dBm
(1388668346, 771225) -82 dBm
(1388668346, 873642) -82 dBm
(1388668346, 975998) -80 dBm
(1388668347, 78445) -79 dBm
(1388668347, 180832) -79 dBm
(1388668347, 283218) -78 dBm
(1388668347, 385696) -78 dBm
(1388668347, 488022) -80 dBm
(1388668347, 590439) -81 dBm
(1388668347, 692825) -80 dBm
(1388668347, 795212) -80 dBm
(1388668347, 897629) -79 dBm
(1388668348, 15) -81 dBm
(1388668348, 102432) -80 dBm
(1388668348, 204941) -80 dBm
(1388668348, 307235) -80 dBm
(1388668348, 409652) -80 dBm
(1388668348, 512039) -80 dBm
(1388668348, 614425) -80 dBm
(1388668348, 716842) -79 dBm
(1388668348, 819229) -81 dBm
(1388668348, 921646) -83 dBm
(1388668349, 24032) -80 dBm
(1388668349, 126480) -80 dBm
(1388668349, 228775) -81 dBm
(1388668349, 331253) -79 dBm
(1388668349, 433670) -80 dBm
(1388668349, 536087) -79 dBm
(1388668349, 638473) -79 dBm
(1388668349, 740860) -79 dBm
(1388668349, 843246) -81 dBm
(1388668349, 945633) -80 dBm
(1388668350, 48080) -79 dBm
(1388668350, 150467) -80 dBm
(1388668350, 252884) -80 dBm
(1388668350, 355331) -79 dBm
(1388668350, 457687) -79 dBm
(1388668350, 560043) -79 dBm
(1388668350, 662460) -80 dBm
(1388668350, 764969) -81 dBm
(1388668350, 867264) -79 dBm
(1388668350, 969681) -81 dBm
(1388668351, 72067) -80 dBm
(1388668351, 174515) -81 dBm
(1388668351, 276870) -81 dBm
(1388668351, 379257) -83 dBm
(1388668351, 481674) -80 dBm
(1388668351, 584244) -80 dBm
(1388668351, 686538) -81 dBm
(1388668351, 790786) -80 dBm
(1388668351, 891281) -81 dBm
(1388668351, 993667) -79 dBm
(1388668352, 96115) -80 dBm
(1388668352, 198501) -80 dBm
(1388668352, 300888) -80 dBm
(1388668352, 403274) -81 dBm
(1388668352, 505661) -81 dBm
(1388668352, 608078) -79 dBm
(1388668352, 710495) -79 dBm
(1388668352, 812881) -79 dBm
(1388668352, 915359) -81 dBm
(1388668353, 17685) -81 dBm
(1388668353, 120010) -81 dBm
(1388668353, 222519) -81 dBm
(1388668353, 324997) -81 dBm
(1388668353, 427292) -81 dBm
(1388668353, 529709) -79 dBm
(1388668353, 632065) -80 dBm
(1388668353, 734482) -81 dBm
(1388668353, 836899) -80 dBm
(1388668353, 939316) -80 dBm
(1388668354, 41702) -80 dBm
(1388668354, 144119) -80 dBm
(1388668354, 247818) -79 dBm
(1388668354, 348892) -79 dBm
(1388668354, 451309) -79 dBm
(1388668354, 553726) -79 dBm
(1388668354, 656173) -80 dBm
(1388668354, 758499) -80 dBm
(1388668354, 860916) -80 dBm
(1388668354, 963333) -80 dBm
(1388668355, 65780) -81 dBm
(1388668355, 168136) -79 dBm
(1388668355, 270523) -81 dBm
(1388668355, 372909) -80 dBm
(1388668355, 475296) -79 dBm
(1388668355, 577743) -80 dBm
(1388668355, 680130) -80 dBm
(1388668355, 782516) -80 dBm
(1388668355, 885025) -80 dBm
(1388668355, 987320) -80 dBm
(1388668356, 89737) -78 dBm
(1388668356, 192123) -82 dBm
(1388668356, 294510) -79 dBm
(1388668356, 396927) -83 dBm
(1388668356, 499344) -78 dBm
(1388668356, 601730) -79 dBm
(1388668356, 704117) -79 dBm
(1388668356, 806595) -80 dBm
(1388668356, 910354) -81 dBm
(1388668357, 11337) -79 dBm
(1388668357, 113754) -81 dBm
(1388668357, 216202) -80 dBm
(1388668357, 318557) -79 dBm
(1388668357, 420944) -82 dBm
(1388668357, 523361) -81 dBm
(1388668357, 625808) -81 dBm
(1388668357, 728134) -81 dBm
(1388668357, 830551) -81 dBm
(1388668357, 932968) -81 dBm
(1388668358, 35415) -81 dBm
(1388668358, 137741) -82 dBm
(1388668358, 240158) -83 dBm
(1388668358, 342544) -81 dBm
(1388668358, 445053) -82 dBm
(1388668358, 547348) -81 dBm
(1388668358, 649765) -80 dBm
(1388668358, 752151) -81 dBm
(1388668358, 854568) -81 dBm
(1388668358, 956985) -81 dBm
(1388668359, 59372) -79 dBm
(1388668359, 161758) -80 dBm
(1388668359, 264145) -80 dBm
(1388668359, 366653) -80 dBm
(1388668359, 468826) -81 dBm
(1388668359, 571365) -82 dBm
(1388668359, 673782) -81 dBm
(1388668359, 776230) -81 dBm
(1388668359, 878555) -80 dBm
(1388668359, 980972) -80 dBm
(1388668360, 83359) -81 dBm
(1388668360, 185837) -80 dBm
(1388668360, 288162) -83 dBm
(1388668360, 390579) -80 dBm
(1388668360, 492996) -80 dBm
(1388668360, 595382) -79 dBm
(1388668360, 697769) -81 dBm
(1388668360, 800186) -79 dBm
(1388668360, 902664) -78 dBm
(1388668361, 5081) -79 dBm
(1388668361, 107406) -79 dBm
(1388668361, 209823) -79 dBm
(1388668361, 312179) -82 dBm
(1388668361, 414596) -80 dBm
(1388668361, 516769) -82 dBm
(1388668361, 619400) -79 dBm
(1388668361, 721786) -79 dBm
(1388668361, 824203) -80 dBm
(1388668361, 926651) -80 dBm
(1388668362, 31387) -80 dBm
(1388668362, 131393) -79 dBm
(1388668362, 233810) -80 dBm
(1388668362, 336166) -79 dBm
(1388668362, 438614) -81 dBm
(1388668362, 541031) -78 dBm
(1388668362, 643417) -79 dBm
(1388668362, 745834) -79 dBm
(1388668362, 848190) -81 dBm
(1388668362, 950607) -78 dBm
(1388668363, 53024) -79 dBm
(1388668363, 155441) -80 dBm
(1388668363, 257827) -80 dBm
(1388668363, 360214) -79 dBm
(1388668363, 462600) -78 dBm
(1388668363, 565140) -81 dBm
(1388668363, 667434) -79 dBm
(1388668363, 769790) -80 dBm
(1388668363, 872238) -79 dBm
(1388668363, 974624) -79 dBm
(1388668364, 77011) -77 dBm
(1388668364, 179428) -78 dBm
(1388668364, 281784) -78 dBm
(1388668364, 384231) -79 dBm
(1388668364, 486648) -79 dBm
(1388668364, 589920) -79 dBm
(1388668364, 691421) -80 dBm
(1388668364, 793838) -78 dBm
(1388668364, 896316) -79 dBm
(1388668364, 998642) -80 dBm
(1388668365, 101028) -81 dBm
(1388668365, 203445) -79 dBm
(1388668365, 305893) -78 dBm
(1388668365, 408249) -79 dBm
(1388668365, 510635) -78 dBm
(1388668365, 613052) -79 dBm
(1388668365, 715500) -80 dBm
(1388668365, 817856) -80 dBm
(1388668365, 920242) -79 dBm
(1388668366, 22629) -79 dBm
(1388668366, 125137) -80 dBm
(1388668366, 227463) -82 dBm
(1388668366, 329849) -80 dBm
(1388668366, 432266) -81 dBm
(1388668366, 534652) -81 dBm
(1388668366, 637069) -80 dBm
(1388668366, 739456) -80 dBm
(1388668366, 841873) -81 dBm
(1388668366, 944259) -82 dBm
(1388668367, 46676) -80 dBm
(1388668367, 152786) -80 dBm
(1388668367, 251480) -80 dBm
(1388668367, 353866) -80 dBm
(1388668367, 456314) -79 dBm
(1388668367, 558670) -80 dBm
(1388668367, 661087) -83 dBm
(1388668367, 763473) -80 dBm
(1388668367, 865921) -80 dBm
(1388668367, 968277) -81 dBm
(1388668368, 70663) -81 dBm
(1388668368, 173080) -80 dBm
(1388668368, 275589) -79 dBm
(1388668368, 377884) -78 dBm
(1388668368, 480240) -79 dBm
(1388668368, 582687) -80 dBm
(1388668368, 685165) -81 dBm
(1388668368, 787491) -81 dBm
(1388668368, 889877) -79 dBm
(1388668368, 992294) -80 dBm
(1388668369, 94772) -79 dBm
(1388668369, 197098) -81 dBm
(1388668369, 299484) -81 dBm
(1388668369, 401901) -80 dBm
(1388668369, 504287) -79 dBm
(1388668369, 606704) -80 dBm
(1388668369, 711044) -81 dBm
(1388668369, 811447) -79 dBm
(1388668369, 913894) -81 dBm
(1388668370, 16342) -80 dBm
(1388668370, 118698) -81 dBm
(1388668370, 221084) -80 dBm
(1388668370, 323501) -82 dBm
(1388668370, 425979) -80 dBm
(1388668370, 528305) -80 dBm
(1388668370, 630691) -81 dBm
(1388668370, 733108) -79 dBm
(1388668370, 835556) -82 dBm
(1388668370, 937912) -81 dBm
(1388668371, 40298) -79 dBm
(1388668371, 142715) -79 dBm
(1388668371, 245224) -78 dBm
(1388668371, 347519) -80 dBm
(1388668371, 449905) -80 dBm
(1388668371, 552353) -79 dBm
(1388668371, 654800) -81 dBm
(1388668371, 757126) -81 dBm
(1388668371, 859512) -81 dBm
(1388668371, 961929) -79 dBm
(1388668372, 64316) -79 dBm
(1388668372, 166733) -79 dBm
(1388668372, 269058) -80 dBm
(1388668372, 371536) -78 dBm
(1388668372, 473922) -79 dBm
(1388668372, 576400) -79 dBm
(1388668372, 678756) -80 dBm
(1388668372, 781112) -80 dBm
(1388668372, 883529) -80 dBm
(1388668372, 985977) -79 dBm
(1388668373, 88333) -80 dBm
(1388668373, 190719) -80 dBm
(1388668373, 293136) -80 dBm
(1388668373, 395614) -81 dBm
(1388668373, 497940) -80 dBm
(1388668373, 600326) -81 dBm
(1388668373, 702743) -80 dBm
(1388668373, 805221) -81 dBm
(1388668373, 907547) -80 dBm
(1388668374, 9933) -81 dBm
(1388668374, 112381) -79 dBm
(1388668374, 214828) -78 dBm
(1388668374, 317154) -80 dBm
(1388668374, 419540) -81 dBm
(1388668374, 521957) -79 dBm
(1388668374, 624374) -81 dBm
(1388668374, 726761) -79 dBm
(1388668374, 830734) -82 dBm
(1388668374, 931564) -79 dBm
(1388668375, 33951) -81 dBm
(1388668375, 136398) -78 dBm
(1388668375, 238754) -81 dBm
(1388668375, 341171) -82 dBm
(1388668375, 443557) -84 dBm
(1388668375, 546036) -82 dBm
(1388668375, 648361) -82 dBm
(1388668375, 750778) -81 dBm
(1388668375, 853164) -80 dBm
(1388668375, 955642) -80 dBm
(1388668376, 57968) -81 dBm
(1388668376, 160354) -80 dBm
(1388668376, 262802) -80 dBm
(1388668376, 365219) -79 dBm
(1388668376, 467575) -79 dBm
(1388668376, 569992) -80 dBm
(1388668376, 672378) -81 dBm
(1388668376, 774856) -79 dBm
(1388668376, 877182) -79 dBm
(1388668376, 979568) -79 dBm
(1388668377, 81985) -80 dBm
(1388668377, 184402) -79 dBm
(1388668377, 286789) -80 dBm
(1388668377, 389206) -81 dBm
(1388668377, 491592) -80 dBm
(1388668377, 593979) -80 dBm
(1388668377, 696426) -79 dBm
(1388668377, 798813) -80 dBm
(1388668377, 901199) -82 dBm
(1388668378, 3586) -79 dBm
(1388668378, 105972) -78 dBm
(1388668378, 208389) -79 dBm
(1388668378, 310806) -79 dBm
(1388668378, 413192) -79 dBm
(1388668378, 515640) -81 dBm
(1388668378, 617996) -79 dBm
(1388668378, 720382) -81 dBm
(1388668378, 822799) -80 dBm
(1388668378, 925216) -81 dBm
(1388668379, 27603) -80 dBm
(1388668379, 130020) -79 dBm
(1388668379, 232406) -80 dBm
(1388668379, 334854) -80 dBm
(1388668379, 437210) -79 dBm
(1388668379, 539627) -81 dBm
(1388668379, 642013) -80 dBm
(1388668379, 744430) -80 dBm
(1388668379, 846817) -80 dBm
(1388668379, 949234) -82 dBm
(1388668380, 51681) -80 dBm
(1388668380, 153976) -80 dBm
(1388668380, 256454) -81 dBm
(1388668380, 358810) -80 dBm
(1388668380, 461227) -80 dBm
(1388668380, 563614) -81 dBm
(1388668380, 666061) -80 dBm
(1388668380, 768417) -81 dBm
(1388668380, 870834) -81 dBm
(1388668380, 973221) -81 dBm
(1388668381, 75699) -79 dBm
(1388668381, 178024) -79 dBm
(1388668381, 280441) -80 dBm
(1388668381, 382827) -79 dBm
(1388668381, 485214) -78 dBm
(1388668381, 587417) -80 dBm
(1388668381, 690078) -79 dBm
(1388668381, 792465) -81 dBm
(1388668381, 894851) -81 dBm
(1388668381, 997238) -80 dBm
(1388668382, 99655) -80 dBm
(1388668382, 202072) -79 dBm
(1388668382, 304428) -81 dBm
(1388668382, 406845) -81 dBm
(1388668382, 509262) -80 dBm
(1388668382, 611648) -80 dBm
(1388668382, 714065) -81 dBm
(1388668382, 816513) -81 dBm
(1388668382, 918838) -81 dBm
(1388668383, 21255) -80 dBm
(1388668383, 123672) -79 dBm
(1388668383, 226028) -79 dBm
(1388668383, 328445) -80 dBm
(1388668383, 430862) -79 dBm
(1388668383, 533279) -80 dBm
(1388668383, 635727) -82 dBm
(1388668383, 738052) -79 dBm
(1388668383, 840469) -80 dBm
(1388668383, 942856) -80 dBm
(1388668384, 45273) -81 dBm
(1388668384, 147659) -80 dBm
(1388668384, 250076) -81 dBm
(1388668384, 352463) -81 dBm
(1388668384, 454971) -80 dBm
(1388668384, 557296) -81 dBm
(1388668384, 659652) -82 dBm
(1388668384, 762100) -79 dBm
(1388668384, 864486) -79 dBm
(1388668384, 966873) -80 dBm
(1388668385, 72769) -80 dBm
(1388668385, 171676) -79 dBm
(1388668385, 274093) -80 dBm
(1388668385, 376541) -78 dBm
(1388668385, 478897) -80 dBm
(1388668385, 581283) -81 dBm
(1388668385, 683670) -80 dBm
(1388668385, 786178) -82 dBm
(1388668385, 888473) -81 dBm
(1388668385, 990890) -81 dBm
(1388668386, 93307) -83 dBm
(1388668386, 195755) -80 dBm
(1388668386, 298080) -81 dBm
(1388668386, 400497) -81 dBm
(1388668386, 502884) -82 dBm
(1388668386, 605362) -80 dBm
(1388668386, 707687) -81 dBm
(1388668386, 810104) -80 dBm
(1388668386, 912491) -79 dBm
(1388668387, 14999) -80 dBm
(1388668387, 117294) -82 dBm
(1388668387, 219711) -80 dBm
(1388668387, 322098) -81 dBm
(1388668387, 424515) -82 dBm
(1388668387, 526901) -80 dBm
(1388668387, 629074) -80 dBm
(1388668387, 731704) -80 dBm
(1388668387, 834121) -79 dBm
(1388668387, 936538) -80 dBm
(1388668388, 38894) -80 dBm
(1388668388, 141342) -79 dBm
(1388668388, 243698) -80 dBm
(1388668388, 346115) -79 dBm
(1388668388, 448532) -79 dBm
(1388668388, 550918) -80 dBm
(1388668388, 653305) -79 dBm
(1388668388, 755752) -80 dBm
(1388668388, 858139) -81 dBm
(1388668388, 960525) -80 dBm
(1388668389, 62912) -78 dBm
(1388668389, 166519) -80 dBm
(1388668389, 267746) -78 dBm
(1388668389, 370132) -79 dBm
(1388668389, 472549) -80 dBm
(1388668389, 575027) -79 dBm
(1388668389, 677353) -80 dBm
(1388668389, 779739) -80 dBm
(1388668389, 882126) -81 dBm
(1388668389, 984543) -80 dBm
(1388668390, 86990) -80 dBm
(1388668390, 189255) -81 dBm
(1388668390, 291733) -82 dBm
(1388668390, 394150) -80 dBm
(1388668390, 496597) -79 dBm
(1388668390, 598953) -80 dBm
(1388668390, 701339) -81 dBm
(1388668390, 803787) -81 dBm
(1388668390, 906112) -80 dBm
(1388668391, 8560) -81 dBm
(1388668391, 110946) -81 dBm
(1388668391, 213363) -81 dBm
(1388668391, 315811) -80 dBm
(1388668391, 418167) -79 dBm
(1388668391, 520553) -80 dBm
(1388668391, 622970) -81 dBm
(1388668391, 725387) -80 dBm
(1388668391, 827743) -81 dBm
(1388668391, 930160) -81 dBm
(1388668392, 32577) -81 dBm
(1388668392, 135055) -78 dBm
(1388668392, 237381) -80 dBm
(1388668392, 339767) -81 dBm
(1388668392, 442184) -79 dBm
(1388668392, 544571) -80 dBm
(1388668392, 646988) -80 dBm
(1388668392, 751693) -80 dBm
(1388668392, 851761) -80 dBm
(1388668392, 954178) -80 dBm
(1388668393, 56564) -83 dBm
(1388668393, 158981) -80 dBm
(1388668393, 261368) -81 dBm
(1388668393, 363785) -81 dBm
(1388668393, 466232) -81 dBm
(1388668393, 568863) -81 dBm
(1388668393, 670974) -79 dBm
(1388668393, 773391) -80 dBm
(1388668393, 875839) -80 dBm
(1388668393, 978195) -80 dBm
(1388668394, 80612) -79 dBm
(1388668394, 182968) -79 dBm
(1388668394, 285415) -81 dBm
(1388668394, 387802) -81 dBm
(1388668394, 490188) -80 dBm
(1388668394, 592605) -79 dBm
(1388668394, 695083) -79 dBm
(1388668394, 797378) -80 dBm
(1388668394, 899795) -79 dBm
(1388668395, 2182) -81 dBm
(1388668395, 104599) -79 dBm
(1388668395, 206985) -80 dBm
(1388668395, 309311) -80 dBm
(1388668395, 411819) -79 dBm
(1388668395, 514206) -80 dBm
(1388668395, 616592) -78 dBm
(1388668395, 620529) -79 dBm
(1388668395, 719009) -79 dBm
(1388668395, 759689) -80 dBm
(1388668395, 761001) -81 dBm
(1388668395, 923813) -78 dBm
(1388668396, 27420) -78 dBm
(1388668396, 128616) -78 dBm
(1388668396, 231003) -78 dBm
(1388668396, 333420) -79 dBm
(1388668396, 435898) -80 dBm
(1388668396, 538223) -78 dBm
(1388668396, 640609) -78 dBm
(1388668396, 742996) -78 dBm
(1388668396, 845443) -79 dBm
(1388668396, 947830) -79 dBm
(1388668397, 50216) -77 dBm
(1388668397, 152603) -78 dBm
(1388668397, 255142) -79 dBm
(1388668397, 357437) -79 dBm
(1388668397, 459823) -77 dBm
(1388668397, 562240) -77 dBm
(1388668397, 664627) -78 dBm
(1388668397, 767013) -78 dBm
(1388668397, 870865) -78 dBm
(1388668397, 971847) -78 dBm
(1388668398, 74234) -78 dBm
(1388668398, 176620) -79 dBm
(1388668398, 279037) -78 dBm
(1388668398, 381454) -78 dBm
(1388668398, 483841) -79 dBm
(1388668398, 586227) -77 dBm
(1388668398, 688644) -78 dBm
(1388668398, 791031) -77 dBm
(1388668398, 893448) -78 dBm
(1388668398, 995895) -78 dBm
(1388668399, 98251) -78 dBm
(1388668399, 200638) -79 dBm
(1388668399, 303055) -79 dBm
(1388668399, 405502) -80 dBm
(1388668399, 507858) -78 dBm
(1388668399, 610275) -79 dBm
(1388668399, 712661) -77 dBm
(1388668399, 815140) -78 dBm
(1388668399, 917465) -78 dBm
(1388668400, 19851) -78 dBm
(1388668400, 122238) -78 dBm
(1388668400, 224655) -78 dBm
(1388668400, 327072) -78 dBm
(1388668400, 429306) -79 dBm
(1388668400, 531845) -78 dBm
(1388668400, 634262) -79 dBm
(1388668400, 736679) -78 dBm
(1388668400, 839065) -78 dBm
(1388668400, 941482) -78 dBm
(1388668401, 43869) -78 dBm
(1388668401, 146255) -78 dBm
(1388668401, 248672) -79 dBm
(1388668401, 351059) -78 dBm
(1388668401, 453476) -79 dBm
(1388668401, 555923) -78 dBm
(1388668401, 658279) -78 dBm
(1388668401, 760666) -79 dBm
(1388668401, 863083) -78 dBm
(1388668401, 965530) -78 dBm
(1388668402, 67886) -78 dBm
(1388668402, 170303) -78 dBm
(1388668402, 272690) -79 dBm
(1388668402, 375168) -79 dBm
(1388668402, 477493) -80 dBm
(1388668402, 579910) -78 dBm
(1388668402, 682296) -78 dBm
(1388668402, 784652) -80 dBm
(1388668402, 887100) -78 dBm
(1388668402, 992111) -77 dBm
(1388668403, 91903) -79 dBm
(1388668403, 194290) -79 dBm
(1388668403, 296707) -78 dBm
(1388668403, 399093) -79 dBm
(1388668403, 501510) -79 dBm
(1388668403, 603897) -79 dBm
(1388668403, 706375) -78 dBm
(1388668403, 808700) -79 dBm
(1388668403, 911117) -78 dBm
(1388668404, 13504) -78 dBm
(1388668404, 115951) -78 dBm
(1388668404, 218307) -78 dBm
(1388668404, 320724) -78 dBm
(1388668404, 423111) -77 dBm
(1388668404, 525497) -78 dBm
(1388668404, 627914) -78 dBm
(1388668404, 730301) -78 dBm
(1388668404, 832718) -78 dBm
(1388668404, 935196) -78 dBm
(1388668405, 37521) -79 dBm
(1388668405, 139908) -78 dBm
(1388668405, 242294) -78 dBm
(1388668405, 344803) -78 dBm
(1388668405, 447128) -78 dBm
(1388668405, 550735) -79 dBm
(1388668405, 651901) -78 dBm
(1388668405, 754318) -79 dBm
(1388668405, 856735) -78 dBm
(1388668405, 959121) -78 dBm
(1388668406, 61538) -78 dBm
(1388668406, 163925) -78 dBm
(1388668406, 266372) -79 dBm
(1388668406, 368728) -78 dBm
(1388668406, 471145) -79 dBm
(1388668406, 573532) -78 dBm
(1388668406, 675979) -79 dBm
(1388668406, 778335) -79 dBm
(1388668406, 880722) -78 dBm
(1388668406, 983139) -78 dBm
(1388668407, 86899) -79 dBm
(1388668407, 187942) -79 dBm
(1388668407, 290329) -78 dBm
(1388668407, 392746) -77 dBm
(1388668407, 495224) -78 dBm
(1388668407, 597549) -79 dBm
(1388668407, 699966) -79 dBm
(1388668407, 802353) -79 dBm
(1388668407, 904831) -79 dBm
(1388668408, 7156) -78 dBm
(1388668408, 113632) -79 dBm
(1388668408, 211929) -78 dBm
(1388668408, 314346) -78 dBm
(1388668408, 416763) -78 dBm
(1388668408, 519150) -78 dBm
(1388668408, 621567) -79 dBm
(1388668408, 723953) -78 dBm
(1388668408, 826339) -78 dBm
(1388668408, 928756) -79 dBm
(1388668409, 31143) -78 dBm
(1388668409, 133560) -78 dBm
(1388668409, 235946) -77 dBm
(1388668409, 338363) -78 dBm
(1388668409, 440750) -79 dBm
(1388668409, 543167) -79 dBm
(1388668409, 645645) -80 dBm
(1388668409, 747970) -79 dBm
(1388668409, 850387) -79 dBm
(1388668409, 952774) -78 dBm
(1388668410, 55221) -78 dBm
(1388668410, 157577) -80 dBm
(1388668410, 242294) -78 dBm
(1388668410, 243576) -78 dBm
(1388668410, 259964) -78 dBm
(1388668410, 362381) -78 dBm
(1388668410, 464859) -77 dBm
(1388668410, 567184) -80 dBm
(1388668410, 671829) -78 dBm
(1388668410, 771988) -79 dBm
(1388668410, 874374) -80 dBm
(1388668410, 976791) -79 dBm
(1388668411, 79178) -80 dBm
(1388668411, 181595) -79 dBm
(1388668411, 284012) -78 dBm
(1388668411, 386368) -79 dBm
(1388668411, 488815) -79 dBm
(1388668411, 591202) -77 dBm
(1388668411, 693588) -79 dBm
(1388668411, 795974) -78 dBm
(1388668411, 898422) -78 dBm
(1388668412, 778) -78 dBm
(1388668412, 103195) -78 dBm
(1388668412, 205642) -78 dBm
(1388668412, 307998) -78 dBm
(1388668412, 410415) -78 dBm
(1388668412, 512802) -79 dBm
(1388668412, 615219) -78 dBm
(1388668412, 717605) -78 dBm
(1388668412, 820022) -77 dBm
(1388668412, 922409) -78 dBm
(1388668413, 24887) -78 dBm
(1388668413, 127212) -78 dBm
(1388668413, 229538) -77 dBm
(1388668413, 332016) -78 dBm
(1388668413, 434402) -78 dBm
(1388668413, 536819) -78 dBm
(1388668413, 639206) -78 dBm
(1388668413, 741623) -78 dBm
(1388668413, 844040) -78 dBm
(1388668413, 946396) -78 dBm
(1388668414, 48813) -78 dBm
(1388668414, 151230) -80 dBm
(1388668414, 253616) -79 dBm
(1388668414, 356064) -78 dBm
(1388668414, 458420) -78 dBm
(1388668414, 560806) -78 dBm
(1388668414, 663223) -78 dBm
(1388668414, 765457) -79 dBm
(1388668414, 868026) -78 dBm
(1388668414, 970413) -78 dBm
(1388668415, 72830) -78 dBm
(1388668415, 175216) -78 dBm
(1388668415, 277633) -78 dBm
(1388668415, 380020) -79 dBm
(1388668415, 482437) -79 dBm
(1388668415, 584945) -78 dBm
(1388668415, 687240) -78 dBm
(1388668415, 791427) -79 dBm
(1388668415, 892044) -79 dBm
(1388668415, 994461) -78 dBm
(1388668416, 96847) -78 dBm
(1388668416, 199264) -78 dBm
(1388668416, 301651) -78 dBm
(1388668416, 404068) -79 dBm
(1388668416, 506210) -78 dBm
(1388668416, 608871) -79 dBm
(1388668416, 711258) -79 dBm
(1388668416, 813675) -79 dBm
(1388668416, 916092) -78 dBm
(1388668417, 18478) -78 dBm
(1388668417, 120834) -79 dBm
(1388668417, 223282) -78 dBm
(1388668417, 325729) -80 dBm
(1388668417, 428055) -79 dBm
(1388668417, 530472) -79 dBm
(1388668417, 632858) -78 dBm
(1388668417, 735244) -78 dBm
(1388668417, 837661) -79 dBm
(1388668417, 940078) -78 dBm
(1388668418, 42465) -78 dBm
(1388668418, 144973) -78 dBm
(1388668418, 247268) -79 dBm
(1388668418, 349655) -79 dBm
(1388668418, 452072) -79 dBm
(1388668418, 554458) -78 dBm
(1388668418, 656936) -78 dBm
(1388668418, 759292) -79 dBm
(1388668418, 861679) -78 dBm
(1388668418, 964096) -78 dBm
(1388668419, 66482) -78 dBm
(1388668419, 168869) -78 dBm
(1388668419, 271286) -78 dBm
(1388668419, 373672) -78 dBm
(1388668419, 476150) -78 dBm
(1388668419, 578506) -78 dBm
(1388668419, 680893) -77 dBm
(1388668419, 783310) -78 dBm
(1388668419, 885544) -78 dBm
(1388668419, 988083) -79 dBm
(1388668420, 90500) -78 dBm
(1388668420, 192886) -78 dBm
(1388668420, 295364) -78 dBm
(1388668420, 397934) -79 dBm
(1388668420, 500107) -78 dBm
(1388668420, 602493) -78 dBm
(1388668420, 705002) -78 dBm
(1388668420, 807296) -78 dBm
(1388668420, 912185) -79 dBm
(1388668421, 12100) -78 dBm
(1388668421, 114486) -80 dBm
(1388668421, 216995) -79 dBm
(1388668421, 319290) -79 dBm
(1388668421, 421707) -79 dBm
(1388668421, 524124) -78 dBm
(1388668421, 626480) -78 dBm
(1388668421, 728897) -80 dBm
(1388668421, 831314) -78 dBm
(1388668421, 933731) -78 dBm
(1388668422, 36178) -79 dBm
(1388668422, 138504) -78 dBm
(1388668422, 240921) -78 dBm
(1388668422, 343307) -78 dBm
(1388668422, 445755) -78 dBm
(1388668422, 548111) -78 dBm
(1388668422, 650528) -78 dBm
(1388668422, 752914) -79 dBm
(1388668422, 855301) -79 dBm
(1388668422, 957718) -79 dBm
(1388668423, 60135) -78 dBm
(1388668423, 162552) -77 dBm
(1388668423, 265030) -78 dBm
(1388668423, 367325) -79 dBm
(1388668423, 469711) -78 dBm
(1388668423, 572098) -78 dBm
(1388668423, 674545) -78 dBm
(1388668423, 776931) -79 dBm
(1388668423, 879348) -79 dBm
(1388668423, 981735) -78 dBm
(1388668424, 84121) -78 dBm
(1388668424, 186599) -78 dBm
(1388668424, 288925) -79 dBm
(1388668424, 391342) -78 dBm
(1388668424, 493759) -77 dBm
(1388668424, 596176) -78 dBm
(1388668424, 698562) -78 dBm
(1388668424, 800949) -78 dBm
(1388668424, 903335) -79 dBm
(1388668425, 5783) -79 dBm
(1388668425, 108169) -78 dBm
(1388668425, 210556) -79 dBm
(1388668425, 312942) -80 dBm
(1388668425, 415420) -78 dBm
(1388668425, 517746) -78 dBm
(1388668425, 620163) -78 dBm
(1388668425, 722549) -77 dBm
(1388668425, 825058) -78 dBm
(1388668425, 927383) -78 dBm
(1388668426, 33004) -78 dBm
(1388668426, 132156) -78 dBm
(1388668426, 234573) -78 dBm
(1388668426, 336960) -78 dBm
(1388668426, 439346) -78 dBm
(1388668426, 541763) -77 dBm
(1388668426, 644180) -78 dBm
(1388668426, 746567) -79 dBm
(1388668426, 848953) -78 dBm
(1388668426, 951370) -77 dBm
(1388668427, 53787) -79 dBm
(1388668427, 156204) -78 dBm
(1388668427, 258590) -78 dBm
(1388668427, 360977) -78 dBm
(1388668427, 463363) -79 dBm
(1388668427, 565750) -78 dBm
(1388668427, 668197) -78 dBm
(1388668427, 770584) -78 dBm
(1388668427, 872970) -79 dBm
(1388668427, 975357) -79 dBm
(1388668428, 77774) -80 dBm
(1388668428, 180191) -78 dBm
(1388668428, 282577) -78 dBm
(1388668428, 385086) -78 dBm
(1388668428, 487625) -79 dBm
(1388668428, 590378) -79 dBm
(1388668428, 692184) -79 dBm
(1388668428, 794601) -78 dBm
(1388668428, 896988) -78 dBm
(1388668428, 999405) -80 dBm
(1388668429, 101791) -79 dBm
(1388668429, 204208) -79 dBm
(1388668429, 306656) -78 dBm
(1388668429, 409012) -78 dBm
(1388668429, 511398) -79 dBm
(1388668429, 613785) -78 dBm
(1388668429, 716232) -79 dBm
(1388668429, 818588) -78 dBm
(1388668429, 921005) -78 dBm
(1388668430, 23391) -78 dBm
(1388668430, 126968) -79 dBm
(1388668430, 228195) -78 dBm
(1388668430, 330581) -78 dBm
(1388668430, 433029) -78 dBm
(1388668430, 535385) -78 dBm
(1388668430, 637832) -78 dBm
(1388668430, 740219) -78 dBm
(1388668430, 842636) -78 dBm
(1388668430, 945083) -79 dBm
(1388668431, 47409) -78 dBm
(1388668431, 149826) -78 dBm
(1388668431, 252212) -78 dBm
(1388668431, 354599) -77 dBm
(1388668431, 457016) -79 dBm
(1388668431, 559433) -79 dBm
(1388668431, 661819) -79 dBm
(1388668431, 764236) -79 dBm
(1388668431, 866623) -79 dBm
(1388668431, 969009) -78 dBm
(1388668432, 71426) -80 dBm
(1388668432, 173843) -79 dBm
(1388668432, 276291) -78 dBm
(1388668432, 378616) -78 dBm
(1388668432, 481064) -77 dBm
(1388668432, 583450) -78 dBm
(1388668432, 685898) -78 dBm
(1388668432, 788254) -78 dBm
(1388668432, 890640) -78 dBm
(1388668432, 993057) -79 dBm
(1388668433, 95443) -78 dBm
(1388668433, 197830) -79 dBm
(1388668433, 300247) -79 dBm
(1388668433, 402633) -78 dBm
(1388668433, 505111) -78 dBm
(1388668433, 607437) -79 dBm
(1388668433, 711380) -78 dBm
(1388668433, 812240) -78 dBm
(1388668433, 914657) -78 dBm
(1388668434, 17044) -78 dBm
(1388668434, 119461) -78 dBm
(1388668434, 221847) -78 dBm
(1388668434, 324264) -78 dBm
(1388668434, 426651) -78 dBm
(1388668434, 529037) -77 dBm
(1388668434, 631454) -78 dBm
(1388668434, 733841) -79 dBm
(1388668434, 836349) -77 dBm
(1388668434, 938675) -78 dBm
(1388668435, 41061) -78 dBm
(1388668435, 143478) -79 dBm
(1388668435, 245956) -78 dBm
(1388668435, 348282) -77 dBm
(1388668435, 450668) -77 dBm
(1388668435, 553085) -79 dBm
(1388668435, 655533) -79 dBm
(1388668435, 757858) -78 dBm
(1388668435, 860275) -78 dBm
(1388668435, 962692) -78 dBm
(1388668436, 65170) -79 dBm
(1388668436, 167495) -79 dBm
(1388668436, 269882) -78 dBm
(1388668436, 372268) -79 dBm
(1388668436, 474685) -78 dBm
(1388668436, 577072) -78 dBm
(1388668436, 679489) -78 dBm
(1388668436, 781875) -79 dBm
(1388668436, 884292) -78 dBm
(1388668436, 986679) -78 dBm
(1388668437, 89096) -79 dBm
(1388668437, 191482) -77 dBm
(1388668437, 293899) -78 dBm
(1388668437, 396286) -78 dBm
(1388668437, 498703) -77 dBm
(1388668437, 601089) -78 dBm
(1388668437, 703781) -78 dBm
(1388668437, 805954) -78 dBm
(1388668437, 908310) -78 dBm
(1388668438, 10696) -78 dBm
(1388668438, 113113) -78 dBm
(1388668438, 215561) -78 dBm
(1388668438, 317947) -78 dBm
(1388668438, 420303) -78 dBm
(1388668438, 522690) -77 dBm
(1388668438, 625198) -78 dBm
(1388668438, 727737) -78 dBm
(1388668438, 831527) -77 dBm
(1388668438, 932327) -78 dBm
(1388668439, 34805) -78 dBm
(1388668439, 137100) -77 dBm
(1388668439, 239517) -78 dBm
(1388668439, 341934) -77 dBm
(1388668439, 444320) -78 dBm
(1388668439, 546707) -77 dBm
(1388668439, 649124) -78 dBm
(1388668439, 751510) -79 dBm
(1388668439, 853927) -78 dBm
(1388668439, 956375) -79 dBm
(1388668440, 58609) -78 dBm
(1388668440, 161056) -78 dBm
(1388668440, 263534) -78 dBm
(1388668440, 365982) -80 dBm
(1388668440, 468338) -79 dBm
(1388668440, 570724) -77 dBm
(1388668440, 673141) -78 dBm
(1388668440, 775528) -77 dBm
(1388668440, 877945) -79 dBm
(1388668440, 980331) -77 dBm
(1388668441, 82748) -78 dBm
(1388668441, 186355) -79 dBm
(1388668441, 287552) -78 dBm
(1388668441, 389969) -78 dBm
(1388668441, 492355) -79 dBm
(1388668441, 594803) -77 dBm
(1388668441, 697159) -79 dBm
(1388668441, 799545) -79 dBm
(1388668441, 901932) -78 dBm
(1388668442, 4348) -78 dBm
(1388668442, 106765) -78 dBm
(1388668442, 209152) -78 dBm
(1388668442, 311538) -78 dBm
(1388668442, 413955) -79 dBm
(1388668442, 516403) -79 dBm
(1388668442, 618759) -78 dBm
(1388668442, 721145) -78 dBm
(1388668442, 823562) -78 dBm
(1388668442, 926010) -79 dBm
(1388668443, 28366) -78 dBm
(1388668443, 130783) -78 dBm
(1388668443, 233169) -77 dBm
(1388668443, 335586) -78 dBm
(1388668443, 437973) -80 dBm
(1388668443, 540390) -77 dBm
(1388668443, 642807) -78 dBm
(1388668443, 745254) -78 dBm
(1388668443, 847580) -78 dBm
(1388668443, 952011) -78 dBm
(1388668444, 52383) -78 dBm
(1388668444, 154861) -78 dBm
(1388668444, 257187) -79 dBm
(1388668444, 359573) -78 dBm
(1388668444, 461990) -78 dBm
(1388668444, 564346) -78 dBm
(1388668444, 666794) -78 dBm
(1388668444, 769180) -78 dBm
(1388668444, 871597) -78 dBm
(1388668444, 973984) -78 dBm
(1388668445, 77499) -77 dBm
(1388668445, 178787) -78 dBm
(1388668445, 281204) -78 dBm
(1388668445, 383590) -78 dBm
(1388668445, 486068) -79 dBm
(1388668445, 588394) -78 dBm
(1388668445, 690780) -78 dBm
(1388668445, 793197) -79 dBm
(1388668445, 895584) -78 dBm
(1388668445, 998001) -79 dBm
(1388668446, 100387) -78 dBm
(1388668446, 202804) -78 dBm
(1388668446, 305221) -78 dBm
(1388668446, 407608) -77 dBm
(1388668446, 510666) -78 dBm
(1388668446, 612381) -78 dBm
(1388668446, 714859) -78 dBm
(1388668446, 817215) -78 dBm
(1388668446, 919601) -78 dBm
(1388668447, 22018) -78 dBm
(1388668447, 124435) -78 dBm
(1388668447, 226791) -78 dBm
(1388668447, 329208) -78 dBm
(1388668447, 431595) -78 dBm
(1388668447, 534012) -79 dBm
(1388668447, 636490) -78 dBm
(1388668447, 738815) -77 dBm
(1388668447, 841202) -78 dBm
(1388668447, 943619) -77 dBm
(1388668448, 46097) -78 dBm
(1388668448, 148452) -78 dBm
(1388668448, 250808) -79 dBm
(1388668448, 353225) -78 dBm
(1388668448, 455398) -78 dBm
(1388668448, 558029) -78 dBm
(1388668448, 660415) -77 dBm
(1388668448, 762832) -78 dBm
(1388668448, 865249) -78 dBm
(1388668448, 967636) -78 dBm
(1388668449, 73135) -78 dBm
(1388668449, 172439) -78 dBm
(1388668449, 274856) -77 dBm
(1388668449, 377243) -78 dBm
(1388668449, 479629) -77 dBm
(1388668449, 582046) -80 dBm
(1388668449, 684433) -78 dBm
(1388668449, 786819) -79 dBm
(1388668449, 889236) -78 dBm
(1388668449, 991653) -78 dBm
(1388668450, 94040) -78 dBm
(1388668450, 196487) -78 dBm
(1388668450, 298843) -78 dBm
(1388668450, 401230) -79 dBm
(1388668450, 503647) -78 dBm
(1388668450, 606094) -78 dBm
(1388668450, 708450) -78 dBm
(1388668450, 810837) -78 dBm
(1388668450, 913254) -78 dBm
(1388668451, 16830) -78 dBm
(1388668451, 118057) -78 dBm
(1388668451, 220443) -78 dBm
(1388668451, 322860) -78 dBm
(1388668451, 425338) -77 dBm
(1388668451, 527664) -79 dBm
(1388668451, 631485) -79 dBm
(1388668451, 732467) -78 dBm
(1388668451, 834976) -78 dBm
(1388668451, 937271) -78 dBm
(1388668452, 39657) -79 dBm
(1388668452, 142074) -78 dBm
(1388668452, 244461) -77 dBm
(1388668452, 346878) -79 dBm
(1388668452, 449264) -79 dBm
(1388668452, 551681) -78 dBm
(1388668452, 654068) -79 dBm
(1388668452, 756515) -78 dBm
(1388668452, 858871) -79 dBm
(1388668452, 961258) -79 dBm
(1388668453, 63675) -77 dBm
(1388668453, 166061) -78 dBm
(1388668453, 268478) -78 dBm
(1388668453, 370865) -78 dBm
(1388668453, 473282) -78 dBm
(1388668453, 575699) -78 dBm
(1388668453, 678085) -78 dBm
(1388668453, 780502) -78 dBm
(1388668453, 882889) -78 dBm
(1388668453, 985336) -78 dBm
(1388668454, 87692) -77 dBm
(1388668454, 190109) -79 dBm
(1388668454, 292495) -78 dBm
(1388668454, 394973) -77 dBm
(1388668454, 497299) -78 dBm
(1388668454, 599685) -78 dBm
(1388668454, 702102) -78 dBm
(1388668454, 804519) -78 dBm
(1388668454, 906906) -78 dBm
(1388668455, 9292) -79 dBm
(1388668455, 111709) -78 dBm
(1388668455, 214096) -78 dBm
(1388668455, 316574) -78 dBm
(1388668455, 418930) -78 dBm
(1388668455, 521316) -78 dBm
(1388668455, 623703) -78 dBm
(1388668455, 726181) -78 dBm
(1388668455, 828506) -78 dBm
(1388668455, 930923) -79 dBm
(1388668456, 33310) -78 dBm
(1388668456, 135696) -78 dBm
(1388668456, 238113) -78 dBm
(1388668456, 340530) -79 dBm
(1388668456, 442917) -78 dBm
(1388668456, 545395) -78 dBm
(1388668456, 648117) -78 dBm
(1388668456, 750137) -79 dBm
(1388668456, 852554) -78 dBm
(1388668456, 955032) -78 dBm
(1388668457, 57358) -79 dBm
(1388668457, 159744) -77 dBm
(1388668457, 262161) -78 dBm
(1388668457, 364547) -78 dBm
(1388668457, 466934) -79 dBm
(1388668457, 569351) -79 dBm
(1388668457, 671737) -78 dBm
(1388668457, 774124) -78 dBm
(1388668457, 876571) -78 dBm
(1388668457, 978927) -78 dBm
(1388668458, 81344) -79 dBm
(1388668458, 183853) -80 dBm
(1388668458, 286178) -78 dBm
(1388668458, 388534) -79 dBm
(1388668458, 490951) -77 dBm
(1388668458, 593368) -77 dBm
(1388668458, 695724) -78 dBm
(1388668458, 798141) -78 dBm
(1388668458, 900558) -78 dBm
(1388668459, 2945) -78 dBm
(1388668459, 105392) -77 dBm
(1388668459, 207779) -78 dBm
(1388668459, 310196) -78 dBm
(1388668459, 412552) -77 dBm
(1388668459, 515060) -78 dBm
(1388668459, 617386) -78 dBm
(1388668459, 719742) -80 dBm
(1388668459, 822159) -79 dBm
(1388668459, 924576) -79 dBm
(1388668460, 26962) -78 dBm
(1388668460, 129348) -78 dBm
(1388668460, 231765) -78 dBm
(1388668460, 334152) -78 dBm
(1388668460, 436630) -79 dBm
(1388668460, 538986) -79 dBm
(1388668460, 641372) -79 dBm
(1388668460, 743789) -78 dBm
(1388668460, 846206) -79 dBm
(1388668460, 948593) -78 dBm
(1388668461, 50979) -79 dBm
(1388668461, 153366) -79 dBm
(1388668461, 255813) -78 dBm
(1388668461, 358200) -78 dBm
(1388668461, 460586) -78 dBm
(1388668461, 562973) -78 dBm
(1388668461, 665420) -78 dBm
(1388668461, 767776) -79 dBm
(1388668461, 873123) -79 dBm
(1388668461, 972580) -81 dBm
(1388668462, 75088) -79 dBm
(1388668462, 177383) -79 dBm
(1388668462, 279800) -78 dBm
(1388668462, 382187) -78 dBm
(1388668462, 484604) -78 dBm
(1388668462, 586990) -78 dBm
(1388668462, 689377) -78 dBm
(1388668462, 791794) -79 dBm
(1388668462, 894180) -78 dBm
(1388668462, 996658) -78 dBm
(1388668463, 99014) -78 dBm
(1388668463, 201400) -79 dBm
(1388668463, 303787) -77 dBm
(1388668463, 406265) -78 dBm
(1388668463, 508621) -77 dBm
(1388668463, 611007) -80 dBm
(1388668463, 713394) -79 dBm
(1388668463, 815841) -80 dBm
(1388668463, 918197) -80 dBm
(1388668464, 20614) -79 dBm
(1388668464, 123031) -79 dBm
(1388668464, 225448) -81 dBm
(1388668464, 327835) -79 dBm
(1388668464, 430221) -78 dBm
(1388668464, 532638) -79 dBm
(1388668464, 635086) -85 dBm
(1388668464, 737411) -87 dBm
(1388668464, 839615) -83 dBm
(1388668464, 942215) -86 dBm
(1388668465, 44632) -85 dBm
(1388668465, 147018) -85 dBm
(1388668465, 249405) -87 dBm
(1388668465, 351822) -89 dBm
(1388668465, 454208) -87 dBm
(1388668465, 556625) -86 dBm
(1388668465, 659012) -87 dBm
(1388668465, 761429) -87 dBm
(1388668465, 863846) -86 dBm
(1388668465, 966324) -88 dBm
(1388668466, 68649) -86 dBm
(1388668466, 171036) -86 dBm
(1388668466, 273452) -87 dBm
(1388668466, 376968) -88 dBm