Corner01-2
(1388668045, 916824) -78 dBm
(1388668046, 18875) -78 dBm
(1388668046, 121292) -78 dBm
(1388668046, 223678) -80 dBm
(1388668046, 326156) -80 dBm
(1388668046, 428482) -79 dBm
(1388668046, 530868) -78 dBm
(1388668046, 633255) -80 dBm
(1388668046, 735733) -79 dBm
(1388668046, 838058) -77 dBm
(1388668046, 940475) -79 dBm
(1388668047, 42892) -78 dBm
(1388668047, 145370) -81 dBm
(1388668047, 247665) -80 dBm
(1388668047, 350082) -79 dBm
(1388668047, 452499) -83 dBm
(1388668047, 554977) -81 dBm
(1388668047, 657303) -81 dBm
(1388668047, 759689) -81 dBm
(1388668047, 862076) -81 dBm
(1388668047, 964493) -82 dBm
(1388668048, 66910) -83 dBm
(1388668048, 169296) -83 dBm
(1388668048, 271682) -82 dBm
(1388668048, 374099) -85 dBm
(1388668048, 476547) -88 dBm
(1388668048, 578903) -83 dBm
(1388668048, 681289) -86 dBm
(1388668048, 783706) -82 dBm
(1388668048, 886490) -83 dBm
(1388668048, 988510) -82 dBm
(1388668049, 90896) -82 dBm
(1388668049, 193313) -81 dBm
(1388668049, 295669) -83 dBm
(1388668049, 398117) -83 dBm
(1388668049, 500503) -83 dBm
(1388668049, 602920) -84 dBm
(1388668049, 705551) -84 dBm
(1388668049, 807724) -82 dBm
(1388668049, 910110) -84 dBm
(1388668050, 12497) -85 dBm
(1388668050, 115005) -83 dBm
(1388668050, 217331) -86 dBm
(1388668050, 319717) -84 dBm
(1388668050, 422134) -83 dBm
(1388668050, 524521) -85 dBm
(1388668050, 626938) -84 dBm
(1388668050, 729324) -84 dBm
(1388668050, 831741) -84 dBm
(1388668050, 934128) -88 dBm
(1388668051, 36545) -87 dBm
(1388668051, 138931) -86 dBm
(1388668051, 241348) -84 dBm
(1388668051, 343734) -86 dBm
(1388668051, 446182) -85 dBm
(1388668051, 548538) -83 dBm
(1388668051, 650924) -79 dBm
(1388668051, 753341) -82 dBm
(1388668051, 855697) -80 dBm
(1388668051, 958145) -82 dBm
(1388668052, 60562) -87 dBm
(1388668052, 162948) -88 dBm
(1388668052, 268936) -87 dBm
(1388668052, 367752) -88 dBm
(1388668052, 470138) -83 dBm
(1388668052, 572555) -84 dBm
(1388668052, 675064) -84 dBm
(1388668052, 777359) -86 dBm
(1388668052, 879776) -82 dBm
(1388668052, 982132) -83 dBm
(1388668053, 84549) -84 dBm
(1388668053, 186966) -83 dBm
(1388668053, 289352) -84 dBm
(1388668053, 391800) -85 dBm
(1388668053, 494156) -82 dBm
(1388668053, 596542) -83 dBm
(1388668053, 698959) -83 dBm
(1388668053, 801376) -83 dBm
(1388668053, 903763) -82 dBm
(1388668054, 6210) -83 dBm
(1388668054, 108566) -84 dBm
(1388668054, 210952) -83 dBm
(1388668054, 313369) -85 dBm
(1388668054, 415817) -83 dBm
(1388668054, 518173) -83 dBm
(1388668054, 620590) -84 dBm
(1388668054, 722976) -84 dBm
(1388668054, 827652) -86 dBm
(1388668054, 927780) -84 dBm
(1388668055, 30166) -86 dBm
(1388668055, 132553) -83 dBm
(1388668055, 235092) -84 dBm
(1388668055, 337387) -84 dBm
(1388668055, 439804) -85 dBm
(1388668055, 542160) -84 dBm
(1388668055, 644577) -83 dBm
(1388668055, 746994) -83 dBm
(1388668055, 849411) -85 dBm
(1388668055, 951797) -85 dBm
(1388668056, 54184) -87 dBm
(1388668056, 156601) -89 dBm
(1388668056, 258987) -84 dBm
(1388668056, 361435) -85 dBm
(1388668056, 463821) -84 dBm
(1388668056, 566238) -82 dBm
(1388668056, 668594) -83 dBm
(1388668056, 770981) -83 dBm
(1388668056, 873398) -82 dBm
(1388668056, 975845) -82 dBm
(1388668057, 78201) -83 dBm
(1388668057, 180618) -83 dBm
(1388668057, 283005) -83 dBm
(1388668057, 387649) -85 dBm
(1388668057, 487808) -82 dBm
(1388668057, 590194) -82 dBm
(1388668057, 692611) -82 dBm
(1388668057, 795028) -82 dBm
(1388668057, 897415) -83 dBm
(1388668057, 999832) -83 dBm
(1388668058, 102218) -83 dBm
(1388668058, 204605) -82 dBm
(1388668058, 307022) -81 dBm
(1388668058, 409439) -83 dBm
(1388668058, 511825) -83 dBm
(1388668058, 614212) -82 dBm
(1388668058, 716598) -83 dBm
(1388668058, 819015) -82 dBm
(1388668058, 921432) -82 dBm
(1388668059, 23849) -83 dBm
(1388668059, 126297) -84 dBm
(1388668059, 228622) -83 dBm
(1388668059, 331039) -84 dBm
(1388668059, 433426) -85 dBm
(1388668059, 535904) -83 dBm
(1388668059, 638229) -84 dBm
(1388668059, 740646) -83 dBm
(1388668059, 843033) -82 dBm
(1388668059, 947769) -83 dBm
(1388668060, 47836) -86 dBm
(1388668060, 150253) -83 dBm
(1388668060, 252640) -85 dBm
(1388668060, 355118) -86 dBm
(1388668060, 457443) -85 dBm
(1388668060, 559860) -85 dBm
(1388668060, 662246) -87 dBm
(1388668060, 764633) -85 dBm
(1388668060, 867080) -83 dBm
(1388668060, 969436) -82 dBm
(1388668061, 71853) -84 dBm
(1388668061, 174240) -86 dBm
(1388668061, 276657) -85 dBm
(1388668061, 379043) -89 dBm
(1388668061, 481460) -87 dBm
(1388668061, 583877) -86 dBm
(1388668061, 686294) -85 dBm
(1388668061, 788650) -85 dBm
(1388668061, 891067) -84 dBm
(1388668061, 993454) -84 dBm
(1388668062, 95901) -84 dBm
(1388668062, 198257) -84 dBm
(1388668062, 300644) -82 dBm
(1388668062, 403091) -84 dBm
(1388668062, 505325) -84 dBm
(1388668062, 607864) -83 dBm
(1388668062, 710251) -84 dBm
(1388668062, 812668) -84 dBm
(1388668062, 915176) -83 dBm
(1388668063, 17471) -82 dBm
(1388668063, 119888) -83 dBm
(1388668063, 222275) -82 dBm
(1388668063, 324661) -84 dBm
(1388668063, 427078) -83 dBm
(1388668063, 529495) -85 dBm
(1388668063, 631881) -84 dBm
(1388668063, 734268) -82 dBm
(1388668063, 836685) -83 dBm
(1388668063, 939071) -83 dBm
(1388668064, 41488) -83 dBm
(1388668064, 143875) -84 dBm
(1388668064, 246383) -84 dBm
(1388668064, 348678) -84 dBm
(1388668064, 451065) -84 dBm
(1388668064, 553482) -84 dBm
(1388668064, 655929) -83 dBm
(1388668064, 758316) -84 dBm
(1388668064, 860702) -83 dBm
(1388668064, 963089) -84 dBm
(1388668065, 67520) -85 dBm
(1388668065, 167892) -83 dBm
(1388668065, 270279) -83 dBm
(1388668065, 372696) -84 dBm
(1388668065, 475204) -86 dBm
(1388668065, 577499) -84 dBm
(1388668065, 679886) -83 dBm
(1388668065, 782303) -84 dBm
(1388668065, 884689) -82 dBm
(1388668065, 987106) -84 dBm
(1388668066, 89493) -82 dBm
(1388668066, 191910) -84 dBm
(1388668066, 294296) -83 dBm
(1388668066, 396713) -82 dBm
(1388668066, 499099) -84 dBm
(1388668066, 601516) -84 dBm
(1388668066, 703933) -87 dBm
(1388668066, 806289) -86 dBm
(1388668066, 908706) -82 dBm
(1388668067, 11123) -82 dBm
(1388668067, 113540) -82 dBm
(1388668067, 215988) -84 dBm
(1388668067, 318313) -82 dBm
(1388668067, 420578) -84 dBm
(1388668067, 523147) -84 dBm
(1388668067, 626419) -82 dBm
(1388668067, 727920) -83 dBm
(1388668067, 830337) -84 dBm
(1388668067, 932724) -84 dBm
(1388668068, 35232) -83 dBm
(1388668068, 137527) -86 dBm
(1388668068, 239944) -84 dBm
(1388668068, 342361) -86 dBm
(1388668068, 444839) -85 dBm
(1388668068, 547134) -85 dBm
(1388668068, 649551) -85 dBm
(1388668068, 751938) -85 dBm
(1388668068, 854355) -87 dBm
(1388668068, 956741) -82 dBm
(1388668069, 59158) -83 dBm
(1388668069, 161545) -84 dBm
(1388668069, 263931) -81 dBm
(1388668069, 366348) -81 dBm
(1388668069, 468734) -82 dBm
(1388668069, 571151) -83 dBm
(1388668069, 673538) -83 dBm
(1388668069, 775924) -83 dBm
(1388668069, 878341) -83 dBm
(1388668069, 980758) -84 dBm
(1388668070, 83145) -83 dBm
(1388668070, 188705) -85 dBm
(1388668070, 287948) -85 dBm
(1388668070, 390335) -84 dBm
(1388668070, 492752) -86 dBm
(1388668070, 595199) -83 dBm
(1388668070, 697555) -84 dBm
(1388668070, 799972) -82 dBm
(1388668070, 902359) -84 dBm
(1388668071, 4837) -85 dBm
(1388668071, 107193) -83 dBm
(1388668071, 209579) -84 dBm
(1388668071, 311966) -85 dBm
(1388668071, 414383) -85 dBm
(1388668071, 516769) -84 dBm
(1388668071, 619156) -85 dBm
(1388668071, 721573) -85 dBm
(1388668071, 823990) -84 dBm
(1388668071, 926437) -84 dBm
(1388668072, 28763) -84 dBm
(1388668072, 131180) -83 dBm
(1388668072, 233597) -84 dBm
(1388668072, 335952) -82 dBm
(1388668072, 438369) -84 dBm
(1388668072, 540786) -83 dBm
(1388668072, 643203) -84 dBm
(1388668072, 747207) -86 dBm
(1388668072, 847976) -84 dBm
(1388668072, 950393) -86 dBm
(1388668073, 52780) -84 dBm
(1388668073, 155227) -83 dBm
(1388668073, 257614) -84 dBm
(1388668073, 360000) -84 dBm
(1388668073, 462387) -84 dBm
(1388668073, 564865) -82 dBm
(1388668073, 667190) -84 dBm
(1388668073, 769607) -83 dBm
(1388668073, 871994) -83 dBm
(1388668073, 974411) -82 dBm
(1388668074, 76797) -84 dBm
(1388668074, 179214) -82 dBm
(1388668074, 281601) -81 dBm
(1388668074, 384018) -82 dBm
(1388668074, 486526) -83 dBm
(1388668074, 588791) -83 dBm
(1388668074, 691208) -84 dBm
(1388668074, 793625) -83 dBm
(1388668074, 896042) -85 dBm
(1388668074, 998398) -84 dBm
(1388668075, 100815) -83 dBm
(1388668075, 203201) -86 dBm
(1388668075, 310745) -86 dBm
(1388668075, 408004) -82 dBm
(1388668075, 510421) -84 dBm
(1388668075, 612808) -82 dBm
(1388668075, 715225) -84 dBm
(1388668075, 817642) -83 dBm
(1388668075, 920028) -83 dBm
(1388668076, 22415) -83 dBm
(1388668076, 124893) -82 dBm
(1388668076, 227249) -83 dBm
(1388668076, 329635) -84 dBm
(1388668076, 432022) -82 dBm
(1388668076, 534408) -84 dBm
(1388668076, 636825) -85 dBm
(1388668076, 739242) -86 dBm
(1388668076, 841659) -86 dBm
(1388668076, 944046) -85 dBm
(1388668077, 46432) -83 dBm
(1388668077, 148849) -85 dBm
(1388668077, 251297) -84 dBm
(1388668077, 353653) -84 dBm
(1388668077, 456009) -83 dBm
(1388668077, 558456) -88 dBm
(1388668077, 660843) -84 dBm
(1388668077, 763260) -86 dBm
(1388668077, 868026) -86 dBm
(1388668077, 968033) -85 dBm
(1388668078, 70450) -87 dBm
(1388668078, 172836) -89 dBm
(1388668078, 275223) -85 dBm
(1388668078, 377670) -85 dBm
(1388668078, 480056) -83 dBm
(1388668078, 582443) -85 dBm
(1388668078, 684952) -84 dBm
(1388668078, 787246) -83 dBm
(1388668078, 889663) -84 dBm
(1388668078, 992050) -83 dBm
(1388668079, 94467) -85 dBm
(1388668079, 196853) -84 dBm
(1388668079, 299270) -84 dBm
(1388668079, 401657) -84 dBm
(1388668079, 504074) -84 dBm
(1388668079, 606552) -85 dBm
(1388668079, 708847) -84 dBm
(1388668079, 811264) -86 dBm
(1388668079, 913681) -85 dBm
(1388668080, 16159) -84 dBm
(1388668080, 118423) -85 dBm
(1388668080, 220871) -83 dBm
(1388668080, 323288) -83 dBm
(1388668080, 428421) -84 dBm
(1388668080, 528061) -84 dBm
(1388668080, 630478) -83 dBm
(1388668080, 732864) -84 dBm
(1388668080, 836654) -83 dBm
(1388668080, 937668) -84 dBm
(1388668081, 40085) -84 dBm
(1388668081, 142471) -86 dBm
(1388668081, 245010) -85 dBm
(1388668081, 347305) -86 dBm
(1388668081, 449692) -87 dBm
(1388668081, 552078) -86 dBm
(1388668081, 654495) -85 dBm
(1388668081, 756881) -86 dBm
(1388668081, 859298) -84 dBm
(1388668081, 961685) -87 dBm
(1388668082, 64071) -85 dBm
(1388668082, 166458) -84 dBm
(1388668082, 268905) -83 dBm
(1388668082, 371292) -84 dBm
(1388668082, 473709) -83 dBm
(1388668082, 576156) -84 dBm
(1388668082, 678482) -86 dBm
(1388668082, 780899) -83 dBm
(1388668082, 883316) -84 dBm
(1388668082, 985824) -83 dBm
(1388668083, 88089) -85 dBm
(1388668083, 190506) -85 dBm
(1388668083, 292923) -86 dBm
(1388668083, 395370) -87 dBm
(1388668083, 497757) -86 dBm
(1388668083, 600113) -86 dBm
(1388668083, 702530) -84 dBm
(1388668083, 805008) -83 dBm
(1388668083, 907333) -87 dBm
(1388668084, 9720) -86 dBm
(1388668084, 112137) -82 dBm
(1388668084, 214523) -85 dBm
(1388668084, 316940) -83 dBm
(1388668084, 419327) -83 dBm
(1388668084, 521713) -85 dBm
(1388668084, 624130) -83 dBm
(1388668084, 726577) -82 dBm
(1388668084, 828933) -81 dBm
(1388668084, 931320) -82 dBm
(1388668085, 33798) -86 dBm
(1388668085, 136184) -85 dBm
(1388668085, 238540) -84 dBm
(1388668085, 340957) -84 dBm
(1388668085, 443344) -89 dBm
(1388668085, 545791) -84 dBm
(1388668085, 648147) -85 dBm
(1388668085, 750564) -83 dBm
(1388668085, 852920) -87 dBm
(1388668085, 955398) -84 dBm
(1388668086, 57724) -85 dBm
(1388668086, 160141) -83 dBm
(1388668086, 262558) -84 dBm
(1388668086, 365036) -84 dBm
(1388668086, 467361) -87 dBm
(1388668086, 569748) -84 dBm
(1388668086, 672165) -84 dBm
(1388668086, 774551) -86 dBm
(1388668086, 876968) -84 dBm
(1388668086, 979538) -84 dBm
(1388668087, 81741) -83 dBm
(1388668087, 184158) -83 dBm
(1388668087, 286606) -84 dBm
(1388668087, 388962) -84 dBm
(1388668087, 491348) -82 dBm
(1388668087, 593765) -84 dBm
(1388668087, 696213) -84 dBm
(1388668087, 798568) -84 dBm
(1388668087, 900985) -82 dBm
(1388668088, 3372) -85 dBm
(1388668088, 105911) -84 dBm
(1388668088, 208175) -83 dBm
(1388668088, 310592) -84 dBm
(1388668088, 412979) -84 dBm
(1388668088, 515426) -85 dBm
(1388668088, 617782) -85 dBm
(1388668088, 720169) -86 dBm
(1388668088, 822586) -86 dBm
(1388668088, 925369) -86 dBm
(1388668089, 27389) -85 dBm
(1388668089, 129776) -85 dBm
(1388668089, 232193) -83 dBm
(1388668089, 334579) -83 dBm
(1388668089, 436966) -83 dBm
(1388668089, 539383) -84 dBm
(1388668089, 641769) -84 dBm
(1388668089, 744186) -83 dBm
(1388668089, 847183) -85 dBm
(1388668089, 948990) -85 dBm
(1388668090, 51407) -85 dBm
(1388668090, 153793) -84 dBm
(1388668090, 256241) -89 dBm
(1388668090, 358597) -84 dBm
(1388668090, 460983) -89 dBm
(1388668090, 563400) -85 dBm
(1388668090, 666000) -86 dBm
(1388668090, 768203) -85 dBm
(1388668090, 870590) -84 dBm
(1388668090, 973007) -84 dBm
(1388668091, 75454) -84 dBm
(1388668091, 177810) -82 dBm
(1388668091, 280197) -85 dBm
(1388668091, 382614) -85 dBm
(1388668091, 485092) -86 dBm
(1388668091, 587814) -86 dBm
(1388668091, 689804) -86 dBm
(1388668091, 792221) -83 dBm
(1388668091, 894607) -89 dBm
(1388668091, 997024) -83 dBm
(1388668092, 99411) -86 dBm
(1388668092, 201828) -83 dBm
(1388668092, 304214) -86 dBm
(1388668092, 406631) -86 dBm
(1388668092, 509018) -87 dBm
(1388668092, 611404) -85 dBm
(1388668092, 713821) -86 dBm
(1388668092, 816269) -88 dBm
(1388668092, 918625) -82 dBm
(1388668093, 21011) -83 dBm
(1388668093, 123428) -83 dBm
(1388668093, 230667) -85 dBm
(1388668093, 328232) -82 dBm
(1388668093, 430649) -82 dBm
(1388668093, 533035) -84 dBm
(1388668093, 635483) -83 dBm
(1388668093, 737838) -86 dBm
(1388668093, 840225) -86 dBm
(1388668093, 942642) -85 dBm
(1388668094, 45120) -85 dBm
(1388668094, 147445) -82 dBm
(1388668094, 249832) -86 dBm
(1388668094, 352249) -85 dBm
(1388668094, 454635) -85 dBm
(1388668094, 556991) -83 dBm
(1388668094, 659439) -84 dBm
(1388668094, 761856) -84 dBm
(1388668094, 864242) -83 dBm
(1388668094, 966659) -82 dBm
(1388668095, 69046) -83 dBm
(1388668095, 171432) -85 dBm
(1388668095, 273849) -87 dBm
(1388668095, 376297) -84 dBm
(1388668095, 478683) -83 dBm
(1388668095, 581070) -84 dBm
(1388668095, 683456) -83 dBm
(1388668095, 787796) -84 dBm
(1388668095, 888260) -83 dBm
(1388668095, 990677) -84 dBm
(1388668096, 93063) -84 dBm
(1388668096, 195511) -84 dBm
(1388668096, 297867) -83 dBm
(1388668096, 400284) -84 dBm
(1388668096, 502670) -84 dBm
(1388668096, 605148) -84 dBm
(1388668096, 707473) -81 dBm
(1388668096, 809860) -82 dBm
(1388668096, 912277) -84 dBm
(1388668097, 14755) -84 dBm
(1388668097, 117080) -84 dBm
(1388668097, 219467) -82 dBm
(1388668097, 321884) -84 dBm
(1388668097, 424301) -82 dBm
(1388668097, 526687) -83 dBm
(1388668097, 629074) -81 dBm
(1388668097, 731460) -82 dBm
(1388668097, 833877) -82 dBm
(1388668097, 936325) -83 dBm
(1388668098, 38711) -83 dBm
(1388668098, 141098) -81 dBm
(1388668098, 243484) -82 dBm
(1388668098, 348434) -84 dBm
(1388668098, 448288) -85 dBm
(1388668098, 550705) -85 dBm
(1388668098, 653091) -83 dBm
(1388668098, 755569) -82 dBm
(1388668098, 857895) -85 dBm
(1388668098, 960312) -82 dBm
(1388668099, 62698) -85 dBm
(1388668099, 165176) -83 dBm
(1388668099, 267502) -83 dBm
(1388668099, 369919) -85 dBm
(1388668099, 472305) -83 dBm
(1388668099, 574722) -84 dBm
(1388668099, 677078) -82 dBm
(1388668099, 779495) -82 dBm
(1388668099, 881912) -85 dBm
(1388668099, 984329) -86 dBm
(1388668100, 86715) -82 dBm
(1388668100, 189102) -83 dBm
(1388668100, 291519) -84 dBm
(1388668100, 393936) -86 dBm
(1388668100, 496292) -85 dBm
(1388668100, 598709) -83 dBm
(1388668100, 701126) -83 dBm
(1388668100, 803512) -83 dBm
(1388668100, 908706) -82 dBm
(1388668101, 8316) -82 dBm
(1388668101, 110733) -84 dBm
(1388668101, 213119) -82 dBm
(1388668101, 315567) -81 dBm
(1388668101, 417953) -83 dBm
(1388668101, 520340) -83 dBm
(1388668101, 622726) -84 dBm
(1388668101, 725204) -83 dBm
(1388668101, 827530) -81 dBm
(1388668101, 929947) -84 dBm
(1388668102, 32333) -84 dBm
(1388668102, 134842) -83 dBm
(1388668102, 237137) -83 dBm
(1388668102, 339554) -82 dBm
(1388668102, 441940) -82 dBm
(1388668102, 544357) -83 dBm
(1388668102, 646744) -83 dBm
(1388668102, 749130) -82 dBm
(1388668102, 851547) -84 dBm
(1388668102, 953933) -83 dBm
(1388668103, 56381) -83 dBm
(1388668103, 158767) -84 dBm
(1388668103, 261154) -83 dBm
(1388668103, 363540) -84 dBm
(1388668103, 465774) -85 dBm
(1388668103, 568374) -85 dBm
(1388668103, 670761) -83 dBm
(1388668103, 773147) -83 dBm
(1388668103, 875595) -84 dBm
(1388668103, 977951) -86 dBm
(1388668104, 80368) -84 dBm
(1388668104, 182754) -83 dBm
(1388668104, 285232) -84 dBm
(1388668104, 387558) -84 dBm
(1388668104, 489975) -86 dBm
(1388668104, 592361) -84 dBm
(1388668104, 694839) -85 dBm
(1388668104, 797165) -85 dBm
(1388668104, 899582) -84 dBm
(1388668105, 1968) -83 dBm
(1388668105, 104355) -83 dBm
(1388668105, 206772) -81 dBm
(1388668105, 309158) -80 dBm
(1388668105, 411575) -82 dBm
(1388668105, 513962) -84 dBm
(1388668105, 617508) -83 dBm
(1388668105, 718765) -85 dBm
(1388668105, 821182) -85 dBm
(1388668105, 923599) -85 dBm
(1388668106, 28732) -84 dBm
(1388668106, 128372) -80 dBm
(1388668106, 230789) -83 dBm
(1388668106, 333175) -81 dBm
(1388668106, 435623) -81 dBm
(1388668106, 537979) -82 dBm
(1388668106, 640396) -82 dBm
(1388668106, 742752) -83 dBm
(1388668106, 845260) -81 dBm
(1388668106, 947616) -80 dBm
(1388668107, 49972) -80 dBm
(1388668107, 152389) -84 dBm
(1388668107, 254867) -82 dBm
(1388668107, 357193) -82 dBm
(1388668107, 459610) -84 dBm
(1388668107, 561996) -89 dBm
(1388668107, 664383) -85 dBm
(1388668107, 766800) -84 dBm
(1388668107, 869186) -83 dBm
(1388668107, 971603) -84 dBm
(1388668108, 73990) -85 dBm
(1388668108, 176437) -83 dBm
(1388668108, 278793) -82 dBm
(1388668108, 381210) -85 dBm
(1388668108, 483597) -82 dBm
(1388668108, 586075) -81 dBm
(1388668108, 688431) -81 dBm
(1388668108, 790817) -82 dBm
(1388668108, 893203) -84 dBm
(1388668108, 995651) -82 dBm
(1388668109, 98007) -81 dBm
(1388668109, 200424) -83 dBm
(1388668109, 302810) -82 dBm
(1388668109, 405258) -82 dBm
(1388668109, 507614) -81 dBm
(1388668109, 610031) -85 dBm
(1388668109, 712417) -85 dBm
(1388668109, 814865) -83 dBm
(1388668109, 917221) -84 dBm
(1388668110, 19638) -83 dBm
(1388668110, 122024) -84 dBm
(1388668110, 224441) -83 dBm
(1388668110, 326828) -82 dBm
(1388668110, 429245) -84 dBm
(1388668110, 531631) -84 dBm
(1388668110, 634048) -84 dBm
(1388668110, 736465) -86 dBm
(1388668110, 839096) -85 dBm
(1388668110, 941238) -83 dBm
(1388668111, 43625) -83 dBm
(1388668111, 146316) -83 dBm
(1388668111, 248428) -83 dBm
(1388668111, 350845) -85 dBm
(1388668111, 453262) -83 dBm
(1388668111, 555618) -83 dBm
(1388668111, 658035) -84 dBm
(1388668111, 760452) -81 dBm
(1388668111, 862838) -83 dBm
(1388668111, 965225) -83 dBm
(1388668112, 67642) -81 dBm
(1388668112, 170059) -84 dBm
(1388668112, 272445) -83 dBm
(1388668112, 374923) -85 dBm
(1388668112, 477249) -85 dBm
(1388668112, 579666) -83 dBm
(1388668112, 682052) -84 dBm
(1388668112, 784469) -84 dBm
(1388668112, 886886) -82 dBm
(1388668112, 989273) -83 dBm
(1388668113, 91659) -85 dBm
(1388668113, 194046) -84 dBm
(1388668113, 296524) -84 dBm
(1388668113, 398880) -82 dBm
(1388668113, 501297) -83 dBm
(1388668113, 603683) -85 dBm
(1388668113, 707473) -84 dBm
(1388668113, 808456) -84 dBm
(1388668113, 910873) -84 dBm
(1388668114, 13290) -85 dBm
(1388668114, 115707) -83 dBm
(1388668114, 218094) -84 dBm
(1388668114, 320480) -82 dBm
(1388668114, 422867) -83 dBm
(1388668114, 525253) -85 dBm
(1388668114, 627670) -82 dBm
(1388668114, 730087) -84 dBm
(1388668114, 832473) -82 dBm
(1388668114, 934982) -83 dBm
(1388668115, 37307) -81 dBm
(1388668115, 139694) -83 dBm
(1388668115, 242080) -83 dBm
(1388668115, 344467) -84 dBm
(1388668115, 446884) -83 dBm
(1388668115, 549301) -84 dBm
(1388668115, 651687) -86 dBm
(1388668115, 754104) -85 dBm
(1388668115, 856552) -85 dBm
(1388668115, 958877) -84 dBm
(1388668116, 61325) -86 dBm
(1388668116, 163711) -84 dBm
(1388668116, 270736) -86 dBm
(1388668116, 368484) -84 dBm
(1388668116, 470901) -86 dBm
(1388668116, 573318) -89 dBm
(1388668116, 675766) -86 dBm
(1388668116, 778091) -83 dBm
(1388668116, 880508) -84 dBm
(1388668116, 982895) -84 dBm
(1388668117, 85342) -83 dBm
(1388668117, 187698) -84 dBm
(1388668117, 290115) -84 dBm
(1388668117, 392502) -84 dBm
(1388668117, 495010) -82 dBm
(1388668117, 597305) -86 dBm
(1388668117, 699722) -85 dBm
(1388668117, 802109) -85 dBm
(1388668117, 904525) -88 dBm
(1388668118, 6912) -86 dBm
(1388668118, 109298) -84 dBm
(1388668118, 211715) -88 dBm
(1388668118, 314132) -88 dBm
(1388668118, 416580) -85 dBm
(1388668118, 518936) -84 dBm
(1388668118, 621322) -85 dBm
(1388668118, 723739) -82 dBm
(1388668118, 827743) -83 dBm
(1388668118, 928543) -85 dBm
(1388668119, 30929) -84 dBm
(1388668119, 133316) -86 dBm
(1388668119, 235794) -84 dBm
(1388668119, 338150) -85 dBm
(1388668119, 440536) -86 dBm
(1388668119, 542923) -85 dBm
(1388668119, 645401) -86 dBm
(1388668119, 747726) -84 dBm
(1388668119, 850143) -86 dBm
(1388668119, 952560) -85 dBm
(1388668120, 55038) -85 dBm
(1388668120, 157333) -86 dBm
(1388668120, 259750) -85 dBm
(1388668120, 362167) -82 dBm
(1388668120, 464554) -84 dBm
(1388668120, 566971) -83 dBm
(1388668120, 669357) -84 dBm
(1388668120, 771530) -84 dBm
(1388668120, 874130) -85 dBm
(1388668120, 976608) -84 dBm
(1388668121, 78964) -84 dBm
(1388668121, 181381) -86 dBm
(1388668121, 283767) -83 dBm
(1388668121, 386245) -83 dBm
(1388668121, 488571) -82 dBm
(1388668121, 590957) -82 dBm
(1388668121, 693374) -84 dBm
(1388668121, 795822) -83 dBm
(1388668121, 898178) -84 dBm
(1388668122, 564) -81 dBm
(1388668122, 102981) -83 dBm
(1388668122, 205398) -82 dBm
(1388668122, 307785) -81 dBm
(1388668122, 410171) -82 dBm
(1388668122, 512588) -84 dBm
(1388668122, 615066) -85 dBm
(1388668122, 717361) -84 dBm
(1388668122, 819778) -84 dBm
(1388668122, 922195) -85 dBm
(1388668123, 24582) -83 dBm
(1388668123, 127029) -81 dBm
(1388668123, 229385) -83 dBm
(1388668123, 331772) -83 dBm
(1388668123, 434189) -82 dBm
(1388668123, 536636) -82 dBm
(1388668123, 638992) -83 dBm
(1388668123, 741379) -81 dBm
(1388668123, 843765) -83 dBm
(1388668123, 947830) -84 dBm
(1388668124, 48599) -83 dBm
(1388668124, 150985) -83 dBm
(1388668124, 253372) -81 dBm
(1388668124, 355850) -83 dBm
(1388668124, 458175) -84 dBm
(1388668124, 560592) -86 dBm
(1388668124, 663009) -82 dBm
(1388668124, 765457) -86 dBm
(1388668124, 867782) -82 dBm
(1388668124, 970230) -85 dBm
(1388668125, 72586) -83 dBm
(1388668125, 175094) -81 dBm
(1388668125, 277389) -83 dBm
(1388668125, 379806) -84 dBm
(1388668125, 482193) -85 dBm
(1388668125, 584610) -83 dBm
(1388668125, 686996) -83 dBm
(1388668125, 789779) -83 dBm
(1388668125, 891769) -82 dBm
(1388668125, 994217) -84 dBm
(1388668126, 96603) -84 dBm
(1388668126, 199020) -83 dBm
(1388668126, 301407) -84 dBm
(1388668126, 403824) -83 dBm
(1388668126, 506149) -84 dBm
(1388668126, 608627) -83 dBm
(1388668126, 711014) -86 dBm
(1388668126, 813431) -85 dBm
(1388668126, 915817) -83 dBm
(1388668127, 18234) -86 dBm
(1388668127, 120620) -84 dBm
(1388668127, 223007) -85 dBm
(1388668127, 325485) -85 dBm
(1388668127, 427841) -84 dBm
(1388668127, 530227) -84 dBm
(1388668127, 632614) -85 dBm
(1388668127, 735122) -84 dBm
(1388668127, 837448) -82 dBm
(1388668127, 939834) -83 dBm
(1388668128, 42251) -82 dBm
(1388668128, 144638) -82 dBm
(1388668128, 247055) -82 dBm
(1388668128, 349441) -83 dBm
(1388668128, 451828) -82 dBm
(1388668128, 554245) -86 dBm
(1388668128, 656631) -85 dBm
(1388668128, 759048) -84 dBm
(1388668128, 861801) -87 dBm
(1388668128, 963852) -84 dBm
(1388668129, 69687) -85 dBm
(1388668129, 168655) -84 dBm
(1388668129, 271042) -85 dBm
(1388668129, 373428) -84 dBm
(1388668129, 475937) -82 dBm
(1388668129, 578262) -85 dBm
(1388668129, 680649) -86 dBm
(1388668129, 783066) -84 dBm
(1388668129, 885513) -83 dBm
(1388668129, 987869) -83 dBm
(1388668130, 90286) -85 dBm
(1388668130, 192672) -84 dBm
(1388668130, 295120) -84 dBm
(1388668130, 397476) -83 dBm
(1388668130, 499862) -83 dBm
(1388668130, 602249) -83 dBm
(1388668130, 704666) -83 dBm
(1388668130, 807052) -83 dBm
(1388668130, 909469) -82 dBm
(1388668131, 11856) -82 dBm
(1388668131, 114273) -83 dBm
(1388668131, 216690) -81 dBm
(1388668131, 319076) -82 dBm
(1388668131, 421463) -83 dBm
(1388668131, 523880) -83 dBm
(1388668131, 626388) -83 dBm
(1388668131, 728683) -85 dBm
(1388668131, 831070) -86 dBm
(1388668131, 933487) -82 dBm
(1388668132, 35843) -85 dBm
(1388668132, 138290) -85 dBm
(1388668132, 240677) -86 dBm
(1388668132, 343063) -83 dBm
(1388668132, 445541) -82 dBm
(1388668132, 547897) -80 dBm
(1388668132, 650284) -83 dBm
(1388668132, 752670) -85 dBm
(1388668132, 855179) -84 dBm
(1388668132, 957504) -84 dBm
(1388668133, 59890) -84 dBm
(1388668133, 162277) -84 dBm
(1388668133, 264786) -85 dBm
(1388668133, 367111) -83 dBm
(1388668133, 469497) -86 dBm
(1388668133, 571884) -85 dBm
(1388668133, 674301) -84 dBm
(1388668133, 776657) -86 dBm
(1388668133, 879104) -84 dBm
(1388668133, 981491) -84 dBm
(1388668134, 83908) -87 dBm
(1388668134, 186416) -87 dBm
(1388668134, 288711) -88 dBm
(1388668134, 391098) -86 dBm
(1388668134, 493515) -82 dBm
(1388668134, 595962) -82 dBm
(1388668134, 698318) -86 dBm
(1388668134, 800735) -84 dBm
(1388668134, 903091) -84 dBm
(1388668135, 5508) -85 dBm
(1388668135, 107925) -84 dBm
(1388668135, 210495) -85 dBm
(1388668135, 312729) -85 dBm
(1388668135, 415207) -83 dBm
(1388668135, 517502) -83 dBm
(1388668135, 619919) -82 dBm
(1388668135, 722336) -80 dBm
(1388668135, 824814) -83 dBm
(1388668135, 927139) -82 dBm
(1388668136, 29525) -83 dBm
(1388668136, 131912) -82 dBm
(1388668136, 234329) -82 dBm
(1388668136, 336746) -83 dBm
(1388668136, 439132) -84 dBm
(1388668136, 541519) -82 dBm
(1388668136, 643936) -81 dBm
(1388668136, 748001) -83 dBm
(1388668136, 848739) -82 dBm
(1388668136, 951156) -81 dBm
(1388668137, 53543) -82 dBm
(1388668137, 156021) -82 dBm
(1388668137, 258346) -82 dBm
(1388668137, 360733) -84 dBm
(1388668137, 463119) -83 dBm
(1388668137, 565628) -84 dBm
(1388668137, 667953) -85 dBm
(1388668137, 770340) -84 dBm
(1388668137, 872757) -82 dBm
(1388668137, 975235) -82 dBm
(1388668138, 77530) -83 dBm
(1388668138, 179916) -82 dBm
(1388668138, 282364) -83 dBm
(1388668138, 384842) -82 dBm
(1388668138, 487167) -82 dBm
(1388668138, 589554) -83 dBm
(1388668138, 691940) -84 dBm
(1388668138, 794357) -83 dBm
(1388668138, 896774) -82 dBm
(1388668138, 999161) -84 dBm
(1388668139, 101547) -82 dBm
(1388668139, 203964) -82 dBm
(1388668139, 308822) -85 dBm
(1388668139, 408767) -85 dBm
(1388668139, 511184) -84 dBm
(1388668139, 613571) -83 dBm
(1388668139, 716018) -84 dBm
(1388668139, 818374) -84 dBm
(1388668139, 920791) -85 dBm
(1388668140, 23269) -84 dBm
(1388668140, 125564) -84 dBm
(1388668140, 227951) -85 dBm
(1388668140, 330368) -86 dBm
(1388668140, 432785) -88 dBm
(1388668140, 535202) -86 dBm
(1388668140, 637588) -84 dBm
(1388668140, 740005) -85 dBm
(1388668140, 842392) -82 dBm
(1388668140, 944900) -84 dBm
(1388668141, 47195) -83 dBm
(1388668141, 149582) -83 dBm
(1388668141, 251968) -83 dBm
(1388668141, 354416) -82 dBm
(1388668141, 456802) -83 dBm
(1388668141, 559189) -81 dBm
(1388668141, 661606) -84 dBm
(1388668141, 763992) -82 dBm
(1388668141, 868850) -86 dBm
(1388668141, 968796) -81 dBm
(1388668142, 71182) -82 dBm
(1388668142, 173599) -82 dBm
(1388668142, 276108) -85 dBm
(1388668142, 378402) -86 dBm
(1388668142, 480819) -88 dBm
(1388668142, 583023) -89 dBm
(1388668142, 685592) -83 dBm
(1388668142, 788009) -85 dBm
(1388668142, 890426) -85 dBm
(1388668142, 992813) -86 dBm
(1388668143, 95230) -84 dBm
(1388668143, 197616) -84 dBm
(1388668143, 300003) -87 dBm
(1388668143, 402420) -85 dBm
(1388668143, 504867) -85 dBm
(1388668143, 607223) -84 dBm
(1388668143, 709640) -85 dBm
(1388668143, 812027) -86 dBm
(1388668143, 914413) -86 dBm
(1388668144, 16830) -85 dBm
(1388668144, 119217) -86 dBm
(1388668144, 221634) -83 dBm
(1388668144, 324020) -85 dBm
(1388668144, 426193) -86 dBm
(1388668144, 528854) -85 dBm
(1388668144, 631210) -84 dBm
(1388668144, 733627) -84 dBm
(1388668144, 836075) -86 dBm
(1388668144, 938431) -84 dBm
(1388668145, 40909) -85 dBm
(1388668145, 143020) -86 dBm
(1388668145, 246933) -85 dBm
(1388668145, 348037) -83 dBm
(1388668145, 450454) -84 dBm
(1388668145, 552841) -86 dBm
(1388668145, 655319) -81 dBm
(1388668145, 757644) -82 dBm
(1388668145, 860061) -83 dBm
(1388668145, 962448) -82 dBm
(1388668146, 64956) -86 dBm
(1388668146, 167251) -85 dBm
(1388668146, 269668) -85 dBm
(1388668146, 372055) -84 dBm
(1388668146, 474441) -85 dBm
(1388668146, 576858) -87 dBm
(1388668146, 679245) -87 dBm
(1388668146, 781662) -85 dBm
(1388668146, 884079) -84 dBm
(1388668146, 989151) -84 dBm
(1388668147, 88852) -83 dBm
(1388668147, 191269) -88 dBm
(1388668147, 293686) -83 dBm
(1388668147, 396133) -84 dBm
(1388668147, 498489) -85 dBm
(1388668147, 600845) -85 dBm
(1388668147, 703262) -84 dBm
(1388668147, 805740) -85 dBm
(1388668147, 908066) -83 dBm
(1388668148, 10483) -84 dBm
(1388668148, 112869) -83 dBm
(1388668148, 215255) -83 dBm
(1388668148, 318924) -83 dBm
(1388668148, 420089) -83 dBm
(1388668148, 522476) -86 dBm
(1388668148, 624954) -85 dBm
(1388668148, 727279) -84 dBm
(1388668148, 829696) -83 dBm
(1388668148, 932571) -85 dBm
(1388668149, 34500) -84 dBm
(1388668149, 136886) -83 dBm
(1388668149, 239273) -83 dBm
(1388668149, 341690) -84 dBm
(1388668149, 444076) -84 dBm
(1388668149, 546890) -83 dBm
(1388668149, 648880) -86 dBm
(1388668149, 751297) -84 dBm
(1388668149, 853714) -83 dBm
(1388668149, 956131) -83 dBm
(1388668150, 58517) -84 dBm
(1388668150, 160904) -84 dBm
(1388668150, 263290) -82 dBm
(1388668150, 365738) -84 dBm
(1388668150, 570511) -82 dBm
(1388668150, 672897) -83 dBm
(1388668150, 775284) -81 dBm
(1388668150, 877701) -84 dBm
(1388668150, 980118) -83 dBm
(1388668151, 82535) -86 dBm
(1388668151, 185013) -84 dBm
(1388668151, 287338) -83 dBm
(1388668151, 389724) -82 dBm
(1388668151, 492111) -83 dBm
(1388668151, 594497) -84 dBm
(1388668151, 696914) -85 dBm
(1388668151, 799331) -86 dBm
(1388668151, 901718) -87 dBm
(1388668152, 4104) -88 dBm
(1388668152, 109146) -87 dBm
(1388668152, 208908) -86 dBm
(1388668152, 311325) -82 dBm
(1388668152, 413742) -83 dBm
(1388668152, 516189) -82 dBm
(1388668152, 618515) -82 dBm
(1388668152, 720932) -83 dBm
(1388668152, 823349) -86 dBm
(1388668152, 925766) -83 dBm
(1388668153, 28152) -81 dBm
(1388668153, 130539) -82 dBm
(1388668153, 232925) -83 dBm
(1388668153, 335403) -85 dBm
(1388668153, 437729) -83 dBm
(1388668153, 540146) -84 dBm
(1388668153, 642563) -84 dBm
(1388668153, 745010) -83 dBm
(1388668153, 847336) -82 dBm
(1388668153, 949753) -85 dBm
(1388668154, 52139) -83 dBm
(1388668154, 154556) -85 dBm
(1388668154, 257034) -84 dBm
(1388668154, 359329) -83 dBm
(1388668154, 461746) -86 dBm
(1388668154, 564163) -83 dBm
(1388668154, 667557) -82 dBm
(1388668154, 768936) -82 dBm
(1388668154, 871383) -83 dBm
(1388668154, 973770) -83 dBm
(1388668155, 76187) -84 dBm
(1388668155, 178573) -85 dBm
(1388668155, 280960) -83 dBm
(1388668155, 383377) -82 dBm
(1388668155, 485794) -83 dBm
(1388668155, 619308) -83 dBm
(1388668155, 657516) -84 dBm
(1388668155, 690597) -83 dBm
(1388668155, 792984) -84 dBm
(1388668155, 895431) -84 dBm
(1388668155, 997604) -83 dBm
(1388668156, 100174) -82 dBm
(1388668156, 202560) -82 dBm
(1388668156, 305069) -83 dBm
(1388668156, 407394) -82 dBm
(1388668156, 509781) -83 dBm
(1388668156, 612167) -82 dBm
(1388668156, 714584) -83 dBm
(1388668156, 816971) -81 dBm
(1388668156, 919388) -84 dBm
(1388668157, 21774) -84 dBm
(1388668157, 124191) -83 dBm
(1388668157, 230942) -86 dBm
(1388668157, 328964) -83 dBm
(1388668157, 431381) -84 dBm
(1388668157, 533798) -82 dBm
(1388668157, 636245) -82 dBm
(1388668157, 738601) -83 dBm
(1388668157, 840988) -82 dBm
(1388668157, 943313) -83 dBm
(1388668158, 45822) -83 dBm
(1388668158, 148208) -81 dBm
(1388668158, 250625) -82 dBm
(1388668158, 353012) -82 dBm
(1388668158, 455429) -82 dBm
(1388668158, 557785) -83 dBm
(1388668158, 660202) -82 dBm
(1388668158, 762588) -83 dBm
(1388668158, 865005) -83 dBm
(1388668158, 967422) -85 dBm
(1388668159, 69809) -84 dBm
(1388668159, 172195) -83 dBm
(1388668159, 274612) -86 dBm
(1388668159, 376999) -85 dBm
(1388668159, 479416) -86 dBm
(1388668159, 581833) -83 dBm
(1388668159, 684219) -82 dBm
(1388668159, 786636) -84 dBm
(1388668159, 889023) -84 dBm
(1388668159, 991409) -84 dBm
(1388668160, 93826) -83 dBm
(1388668160, 196274) -87 dBm
(1388668160, 298599) -85 dBm
(1388668160, 401016) -83 dBm
(1388668160, 503433) -83 dBm
(1388668160, 605880) -83 dBm
(1388668160, 810623) -83 dBm
(1388668160, 913040) -82 dBm
(1388668161, 15457) -84 dBm
(1388668161, 117813) -83 dBm
(1388668161, 220230) -82 dBm
(1388668161, 322647) -84 dBm
(1388668161, 425125) -82 dBm
(1388668161, 527450) -82 dBm
(1388668161, 629837) -83 dBm
(1388668161, 732223) -84 dBm
(1388668161, 834640) -82 dBm
(1388668161, 937057) -84 dBm
(1388668162, 39444) -82 dBm
(1388668162, 141830) -85 dBm
(1388668162, 244247) -83 dBm
(1388668162, 348221) -83 dBm
(1388668162, 449051) -84 dBm
(1388668162, 551437) -84 dBm
(1388668162, 653854) -81 dBm
(1388668162, 756241) -81 dBm
(1388668162, 858627) -84 dBm
(1388668162, 961044) -83 dBm
(1388668163, 63461) -83 dBm
(1388668163, 165909) -81 dBm
(1388668163, 370651) -83 dBm
(1388668163, 473068) -82 dBm
(1388668163, 575485) -84 dBm
(1388668163, 677841) -84 dBm
(1388668163, 780258) -83 dBm
(1388668163, 882644) -84 dBm
(1388668163, 985153) -85 dBm
(1388668164, 87478) -85 dBm
(1388668164, 189865) -84 dBm
(1388668164, 292709) -83 dBm
(1388668164, 394668) -83 dBm
(1388668164, 497055) -82 dBm
(1388668164, 599472) -85 dBm
(1388668164, 701858) -82 dBm
(1388668164, 804275) -86 dBm
(1388668164, 906845) -87 dBm
(1388668165, 9079) -83 dBm
(1388668165, 111465) -84 dBm
(1388668165, 213913) -82 dBm
(1388668165, 316330) -82 dBm
(1388668165, 418686) -82 dBm
(1388668165, 521072) -80 dBm
(1388668165, 623489) -86 dBm
(1388668165, 725937) -84 dBm
(1388668165, 828293) -81 dBm
(1388668165, 930679) -82 dBm
(1388668166, 33096) -83 dBm
(1388668166, 135513) -84 dBm
(1388668166, 237900) -84 dBm
(1388668166, 340286) -82 dBm
(1388668166, 442703) -82 dBm
(1388668166, 545181) -81 dBm
(1388668166, 647506) -84 dBm
(1388668166, 749893) -82 dBm
(1388668166, 852279) -83 dBm
(1388668166, 954788) -83 dBm
(1388668167, 57113) -82 dBm
(1388668167, 159500) -82 dBm
(1388668167, 261886) -83 dBm
(1388668167, 364303) -84 dBm
(1388668167, 466629) -85 dBm
(1388668167, 569107) -83 dBm
(1388668167, 671524) -83 dBm
(1388668167, 773910) -83 dBm
(1388668167, 876388) -83 dBm
(1388668167, 978714) -85 dBm
(1388668168, 81131) -85 dBm
(1388668168, 183517) -87 dBm
(1388668168, 285904) -85 dBm
(1388668168, 490707) -85 dBm
(1388668168, 593155) -83 dBm
(1388668168, 695572) -82 dBm
(1388668168, 797928) -85 dBm
(1388668168, 900314) -90 dBm
(1388668169, 2731) -87 dBm
(1388668169, 105209) -85 dBm
(1388668169, 207535) -83 dBm
(1388668169, 309921) -85 dBm
(1388668169, 412307) -83 dBm
(1388668169, 514816) -90 dBm
(1388668169, 617141) -81 dBm
(1388668169, 719558) -81 dBm
(1388668169, 821945) -79 dBm
(1388668169, 924331) -82 dBm
(1388668170, 29190) -87 dBm
(1388668170, 129135) -85 dBm
(1388668170, 231552) -85 dBm
(1388668170, 333938) -85 dBm
(1388668170, 436386) -84 dBm