Corner02-2 ...
(1388668192, 964584) -78 dBm
(1388668193, 69717) -80 dBm
(1388668193, 169418) -77 dBm
(1388668193, 271805) -78 dBm
(1388668193, 374222) -78 dBm
(1388668193, 476608) -77 dBm
(1388668193, 578994) -78 dBm
(1388668193, 681411) -79 dBm
(1388668193, 783798) -78 dBm
(1388668193, 886245) -78 dBm
(1388668193, 988632) -79 dBm
(1388668194, 91018) -78 dBm
(1388668194, 193435) -78 dBm
(1388668194, 295852) -78 dBm
(1388668194, 398208) -78 dBm
(1388668194, 500625) -79 dBm
(1388668194, 603012) -80 dBm
(1388668194, 705490) -80 dBm
(1388668194, 807815) -81 dBm
(1388668194, 910232) -81 dBm
(1388668195, 12588) -83 dBm
(1388668195, 115127) -82 dBm
(1388668195, 217422) -84 dBm
(1388668195, 319839) -81 dBm
(1388668195, 422226) -82 dBm
(1388668195, 524643) -82 dBm
(1388668195, 627029) -84 dBm
(1388668195, 729416) -82 dBm
(1388668195, 831833) -81 dBm
(1388668195, 934250) -80 dBm
(1388668196, 36697) -80 dBm
(1388668196, 139023) -79 dBm
(1388668196, 241440) -79 dBm
(1388668196, 343826) -81 dBm
(1388668196, 446274) -81 dBm
(1388668196, 548629) -79 dBm
(1388668196, 651046) -79 dBm
(1388668196, 753463) -79 dBm
(1388668196, 855911) -80 dBm
(1388668196, 958236) -81 dBm
(1388668197, 60653) -80 dBm
(1388668197, 163040) -81 dBm
(1388668197, 265548) -81 dBm
(1388668197, 367843) -80 dBm
(1388668197, 470260) -79 dBm
(1388668197, 572494) -81 dBm
(1388668197, 675155) -81 dBm
(1388668197, 777450) -80 dBm
(1388668197, 879867) -80 dBm
(1388668197, 982254) -81 dBm
(1388668198, 84671) -80 dBm
(1388668198, 187118) -79 dBm
(1388668198, 289474) -79 dBm
(1388668198, 391861) -80 dBm
(1388668198, 494278) -81 dBm
(1388668198, 596664) -80 dBm
(1388668198, 801498) -82 dBm
(1388668198, 903885) -83 dBm
(1388668199, 6332) -82 dBm
(1388668199, 108688) -82 dBm
(1388668199, 211075) -82 dBm
(1388668199, 313492) -81 dBm
(1388668199, 415878) -83 dBm
(1388668199, 518265) -81 dBm
(1388668199, 620681) -81 dBm
(1388668199, 723068) -82 dBm
(1388668199, 825515) -81 dBm
(1388668199, 927902) -80 dBm
(1388668200, 30380) -80 dBm
(1388668200, 132644) -80 dBm
(1388668200, 235153) -80 dBm
(1388668200, 337478) -79 dBm
(1388668200, 439895) -79 dBm
(1388668200, 542282) -81 dBm
(1388668200, 644790) -81 dBm
(1388668200, 747116) -79 dBm
(1388668200, 849502) -80 dBm
(1388668200, 951889) -78 dBm
(1388668201, 54306) -80 dBm
(1388668201, 156692) -79 dBm
(1388668201, 259109) -82 dBm
(1388668201, 361496) -85 dBm
(1388668201, 463913) -82 dBm
(1388668201, 566360) -83 dBm
(1388668201, 668716) -85 dBm
(1388668201, 771103) -82 dBm
(1388668201, 873489) -81 dBm
(1388668201, 975967) -81 dBm
(1388668202, 78293) -83 dBm
(1388668202, 180710) -81 dBm
(1388668202, 283127) -81 dBm
(1388668202, 385544) -81 dBm
(1388668202, 487930) -80 dBm
(1388668202, 590317) -81 dBm
(1388668202, 692703) -80 dBm
(1388668202, 795212) -81 dBm
(1388668202, 897506) -79 dBm
(1388668202, 999923) -79 dBm
(1388668203, 102340) -79 dBm
(1388668203, 204818) -80 dBm
(1388668203, 309555) -82 dBm
(1388668203, 409530) -80 dBm
(1388668203, 511947) -80 dBm
(1388668203, 614334) -80 dBm
(1388668203, 716751) -80 dBm
(1388668203, 819137) -82 dBm
(1388668203, 921554) -80 dBm
(1388668204, 23941) -79 dBm
(1388668204, 126388) -80 dBm
(1388668204, 228744) -80 dBm
(1388668204, 331161) -78 dBm
(1388668204, 433548) -80 dBm
(1388668204, 535995) -80 dBm
(1388668204, 638351) -79 dBm
(1388668204, 740738) -79 dBm
(1388668204, 843155) -80 dBm
(1388668204, 945511) -80 dBm
(1388668205, 47928) -80 dBm
(1388668205, 150345) -80 dBm
(1388668205, 252731) -81 dBm
(1388668205, 355240) -81 dBm
(1388668205, 457565) -79 dBm
(1388668205, 560013) -79 dBm
(1388668205, 662369) -79 dBm
(1388668205, 764847) -82 dBm
(1388668205, 868881) -80 dBm
(1388668205, 969558) -80 dBm
(1388668206, 71945) -79 dBm
(1388668206, 174362) -81 dBm
(1388668206, 276779) -80 dBm
(1388668206, 379165) -81 dBm
(1388668206, 481552) -81 dBm
(1388668206, 583969) -84 dBm
(1388668206, 686386) -81 dBm
(1388668206, 788772) -81 dBm
(1388668206, 891159) -82 dBm
(1388668206, 993576) -78 dBm
(1388668207, 96054) -78 dBm
(1388668207, 198379) -78 dBm
(1388668207, 300796) -79 dBm
(1388668207, 403152) -79 dBm
(1388668207, 505630) -78 dBm
(1388668207, 607986) -78 dBm
(1388668207, 710403) -78 dBm
(1388668207, 812759) -81 dBm
(1388668207, 915207) -79 dBm
(1388668208, 17593) -81 dBm
(1388668208, 119980) -81 dBm
(1388668208, 222366) -80 dBm
(1388668208, 324844) -78 dBm
(1388668208, 427109) -79 dBm
(1388668208, 529587) -79 dBm
(1388668208, 631973) -80 dBm
(1388668208, 734390) -79 dBm
(1388668208, 836776) -79 dBm
(1388668208, 939193) -83 dBm
(1388668209, 41610) -80 dBm
(1388668209, 143997) -81 dBm
(1388668209, 246475) -81 dBm
(1388668209, 348800) -80 dBm
(1388668209, 451187) -81 dBm
(1388668209, 553604) -83 dBm
(1388668209, 656051) -83 dBm
(1388668209, 758407) -80 dBm
(1388668209, 860794) -80 dBm
(1388668209, 963211) -83 dBm
(1388668210, 65567) -81 dBm
(1388668210, 168014) -80 dBm
(1388668210, 270401) -81 dBm
(1388668210, 372787) -81 dBm
(1388668210, 475235) -81 dBm
(1388668210, 577621) -79 dBm
(1388668210, 680008) -80 dBm
(1388668210, 782394) -80 dBm
(1388668210, 884872) -80 dBm
(1388668210, 989822) -80 dBm
(1388668211, 89615) -80 dBm
(1388668211, 192032) -79 dBm
(1388668211, 294418) -79 dBm
(1388668211, 396835) -81 dBm
(1388668211, 499222) -80 dBm
(1388668211, 601608) -80 dBm
(1388668211, 704025) -80 dBm
(1388668211, 806503) -81 dBm
(1388668211, 908828) -80 dBm
(1388668212, 11215) -80 dBm
(1388668212, 113632) -79 dBm
(1388668212, 216079) -81 dBm
(1388668212, 318435) -81 dBm
(1388668212, 420852) -80 dBm
(1388668212, 523239) -80 dBm
(1388668212, 625717) -79 dBm
(1388668212, 728042) -81 dBm
(1388668212, 830429) -80 dBm
(1388668212, 932876) -79 dBm
(1388668213, 35232) -79 dBm
(1388668213, 137649) -79 dBm
(1388668213, 240036) -79 dBm
(1388668213, 342422) -79 dBm
(1388668213, 444931) -80 dBm
(1388668213, 547073) -81 dBm
(1388668213, 649643) -80 dBm
(1388668213, 751938) -81 dBm
(1388668213, 854446) -80 dBm
(1388668213, 956833) -79 dBm
(1388668214, 59250) -80 dBm
(1388668214, 161667) -79 dBm
(1388668214, 264053) -79 dBm
(1388668214, 366501) -78 dBm
(1388668214, 468857) -79 dBm
(1388668214, 571274) -79 dBm
(1388668214, 673660) -80 dBm
(1388668214, 776108) -80 dBm
(1388668214, 878463) -80 dBm
(1388668214, 980850) -81 dBm
(1388668215, 83297) -82 dBm
(1388668215, 185653) -80 dBm
(1388668215, 288070) -79 dBm
(1388668215, 390457) -81 dBm
(1388668215, 492874) -81 dBm
(1388668215, 595352) -80 dBm
(1388668215, 697677) -80 dBm
(1388668215, 800064) -79 dBm
(1388668215, 902481) -80 dBm
(1388668216, 4989) -81 dBm
(1388668216, 110580) -78 dBm
(1388668216, 209671) -78 dBm
(1388668216, 312088) -78 dBm
(1388668216, 414474) -78 dBm
(1388668216, 516891) -79 dBm
(1388668216, 619278) -79 dBm
(1388668216, 721695) -78 dBm
(1388668216, 824081) -80 dBm
(1388668216, 926559) -79 dBm
(1388668217, 28885) -79 dBm
(1388668217, 131271) -79 dBm
(1388668217, 233688) -79 dBm
(1388668217, 336136) -78 dBm
(1388668217, 438492) -78 dBm
(1388668217, 540878) -80 dBm
(1388668217, 643295) -77 dBm
(1388668217, 745743) -78 dBm
(1388668217, 848098) -78 dBm
(1388668217, 950485) -79 dBm
(1388668218, 52902) -78 dBm
(1388668218, 155349) -81 dBm
(1388668218, 257705) -81 dBm
(1388668218, 360092) -81 dBm
(1388668218, 462509) -81 dBm
(1388668218, 565017) -82 dBm
(1388668218, 667312) -80 dBm
(1388668218, 769699) -83 dBm
(1388668218, 872116) -79 dBm
(1388668218, 974502) -79 dBm
(1388668219, 76919) -83 dBm
(1388668219, 179306) -80 dBm
(1388668219, 281753) -80 dBm
(1388668219, 384109) -79 dBm
(1388668219, 486557) -80 dBm
(1388668219, 588913) -80 dBm
(1388668219, 691330) -80 dBm
(1388668219, 793716) -80 dBm
(1388668219, 896164) -80 dBm
(1388668219, 998520) -79 dBm
(1388668220, 100937) -80 dBm
(1388668220, 203323) -80 dBm
(1388668220, 305771) -79 dBm
(1388668220, 408127) -80 dBm
(1388668220, 510513) -79 dBm
(1388668220, 612930) -79 dBm
(1388668220, 715378) -79 dBm
(1388668220, 817734) -79 dBm
(1388668220, 920150) -79 dBm
(1388668221, 22537) -78 dBm
(1388668221, 125046) -79 dBm
(1388668221, 227401) -79 dBm
(1388668221, 329727) -82 dBm
(1388668221, 432144) -79 dBm
(1388668221, 534561) -79 dBm
(1388668221, 636947) -79 dBm
(1388668221, 739334) -81 dBm
(1388668221, 841751) -80 dBm
(1388668221, 944137) -81 dBm
(1388668222, 46585) -80 dBm
(1388668222, 148971) -79 dBm
(1388668222, 251358) -80 dBm
(1388668222, 353744) -80 dBm
(1388668222, 456192) -79 dBm
(1388668222, 558548) -81 dBm
(1388668222, 660934) -80 dBm
(1388668222, 763351) -78 dBm
(1388668222, 865799) -79 dBm
(1388668222, 968155) -81 dBm
(1388668223, 70541) -79 dBm
(1388668223, 172958) -78 dBm
(1388668223, 275436) -80 dBm
(1388668223, 377762) -80 dBm
(1388668223, 480179) -80 dBm
(1388668223, 582565) -82 dBm
(1388668223, 685074) -80 dBm
(1388668223, 789230) -81 dBm
(1388668223, 889755) -81 dBm
(1388668223, 992172) -81 dBm
(1388668224, 94589) -78 dBm
(1388668224, 196975) -80 dBm
(1388668224, 299362) -82 dBm
(1388668224, 401779) -80 dBm
(1388668224, 504165) -80 dBm
(1388668224, 606613) -80 dBm
(1388668224, 708969) -79 dBm
(1388668224, 811386) -79 dBm
(1388668224, 913772) -81 dBm
(1388668225, 16220) -80 dBm
(1388668225, 118606) -79 dBm
(1388668225, 220962) -78 dBm
(1388668225, 323410) -81 dBm
(1388668225, 425857) -79 dBm
(1388668225, 528183) -78 dBm
(1388668225, 630569) -79 dBm
(1388668225, 732986) -81 dBm
(1388668225, 835373) -80 dBm
(1388668225, 937790) -80 dBm
(1388668226, 40207) -81 dBm
(1388668226, 142593) -81 dBm
(1388668226, 245102) -80 dBm
(1388668226, 347305) -81 dBm
(1388668226, 449783) -80 dBm
(1388668226, 552200) -81 dBm
(1388668226, 654617) -81 dBm
(1388668226, 757004) -81 dBm
(1388668226, 859421) -81 dBm
(1388668226, 961807) -83 dBm
(1388668227, 64224) -81 dBm
(1388668227, 166610) -80 dBm
(1388668227, 268997) -81 dBm
(1388668227, 371414) -82 dBm
(1388668227, 473800) -79 dBm
(1388668227, 576248) -80 dBm
(1388668227, 678573) -80 dBm
(1388668227, 781021) -79 dBm
(1388668227, 883438) -80 dBm
(1388668227, 985794) -81 dBm
(1388668228, 88241) -79 dBm
(1388668228, 190628) -81 dBm
(1388668228, 293014) -81 dBm
(1388668228, 395462) -81 dBm
(1388668228, 497818) -80 dBm
(1388668228, 600235) -80 dBm
(1388668228, 702621) -79 dBm
(1388668228, 805130) -80 dBm
(1388668228, 909713) -82 dBm
(1388668229, 9811) -78 dBm
(1388668229, 112228) -79 dBm
(1388668229, 214615) -79 dBm
(1388668229, 317032) -80 dBm
(1388668229, 419449) -80 dBm
(1388668229, 521835) -80 dBm
(1388668229, 624191) -79 dBm
(1388668229, 726608) -81 dBm
(1388668229, 829025) -80 dBm
(1388668229, 931442) -79 dBm
(1388668230, 33828) -79 dBm
(1388668230, 136276) -80 dBm
(1388668230, 238632) -80 dBm
(1388668230, 341049) -80 dBm
(1388668230, 443435) -79 dBm
(1388668230, 545883) -81 dBm
(1388668230, 648269) -79 dBm
(1388668230, 750656) -85 dBm
(1388668230, 853042) -82 dBm
(1388668230, 955520) -82 dBm
(1388668231, 57846) -83 dBm
(1388668231, 160263) -81 dBm
(1388668231, 262649) -80 dBm
(1388668231, 365188) -79 dBm
(1388668231, 467453) -80 dBm
(1388668231, 569870) -81 dBm
(1388668231, 672256) -80 dBm
(1388668231, 774643) -78 dBm
(1388668231, 877060) -78 dBm
(1388668231, 979446) -79 dBm
(1388668232, 81863) -78 dBm
(1388668232, 184280) -78 dBm
(1388668232, 287887) -79 dBm
(1388668232, 389084) -79 dBm
(1388668232, 491470) -82 dBm
(1388668232, 593857) -80 dBm
(1388668232, 696365) -80 dBm
(1388668232, 798660) -80 dBm
(1388668232, 901077) -78 dBm
(1388668233, 3494) -78 dBm
(1388668233, 105911) -78 dBm
(1388668233, 208267) -79 dBm
(1388668233, 310684) -81 dBm
(1388668233, 413070) -81 dBm
(1388668233, 515548) -80 dBm
(1388668233, 617904) -80 dBm
(1388668233, 720291) -79 dBm
(1388668233, 822677) -80 dBm
(1388668233, 925155) -79 dBm
(1388668234, 27542) -79 dBm
(1388668234, 129898) -80 dBm
(1388668234, 232284) -80 dBm
(1388668234, 334793) -78 dBm
(1388668234, 437088) -79 dBm
(1388668234, 539505) -81 dBm
(1388668234, 641891) -80 dBm
(1388668234, 744278) -80 dBm
(1388668234, 846695) -80 dBm
(1388668234, 949112) -80 dBm
(1388668235, 51498) -81 dBm
(1388668235, 153915) -82 dBm
(1388668235, 256363) -82 dBm
(1388668235, 358688) -82 dBm
(1388668235, 461105) -80 dBm
(1388668235, 563492) -80 dBm
(1388668235, 665939) -80 dBm
(1388668235, 768326) -80 dBm
(1388668235, 870712) -81 dBm
(1388668235, 973129) -80 dBm
(1388668236, 75546) -79 dBm
(1388668236, 177932) -78 dBm
(1388668236, 280319) -80 dBm
(1388668236, 382705) -81 dBm
(1388668236, 484970) -80 dBm
(1388668236, 588028) -81 dBm
(1388668236, 689926) -79 dBm
(1388668236, 792312) -80 dBm
(1388668236, 894821) -80 dBm
(1388668236, 997146) -79 dBm
(1388668237, 99533) -79 dBm
(1388668237, 201950) -79 dBm
(1388668237, 304336) -80 dBm
(1388668237, 406723) -80 dBm
(1388668237, 509140) -81 dBm
(1388668237, 611526) -79 dBm
(1388668237, 713943) -80 dBm
(1388668237, 816391) -81 dBm
(1388668237, 918716) -81 dBm
(1388668238, 21133) -80 dBm
(1388668238, 123550) -80 dBm
(1388668238, 225998) -80 dBm
(1388668238, 328323) -79 dBm
(1388668238, 430740) -81 dBm
(1388668238, 533096) -80 dBm
(1388668238, 636978) -80 dBm
(1388668238, 737930) -79 dBm
(1388668238, 840347) -79 dBm
(1388668238, 942764) -81 dBm
(1388668239, 45212) -81 dBm
(1388668239, 150680) -81 dBm
(1388668239, 249954) -80 dBm
(1388668239, 352371) -80 dBm
(1388668239, 454849) -83 dBm
(1388668239, 557174) -81 dBm
(1388668239, 659561) -82 dBm
(1388668239, 761947) -81 dBm
(1388668239, 864364) -80 dBm
(1388668239, 966751) -82 dBm
(1388668240, 69168) -81 dBm
(1388668240, 171554) -80 dBm
(1388668240, 273941) -81 dBm
(1388668240, 376388) -81 dBm
(1388668240, 478775) -82 dBm
(1388668240, 581161) -80 dBm
(1388668240, 683578) -81 dBm
(1388668240, 787185) -79 dBm
(1388668240, 888382) -81 dBm
(1388668240, 990768) -79 dBm
(1388668241, 93246) -80 dBm
(1388668241, 195602) -78 dBm
(1388668241, 297989) -80 dBm
(1388668241, 400375) -81 dBm
(1388668241, 502762) -78 dBm
(1388668241, 605209) -79 dBm
(1388668241, 709305) -78 dBm
(1388668241, 809982) -77 dBm
(1388668241, 912369) -78 dBm
(1388668242, 14847) -78 dBm
(1388668242, 117172) -78 dBm
(1388668242, 219589) -78 dBm
(1388668242, 321975) -78 dBm
(1388668242, 424392) -77 dBm
(1388668242, 526779) -78 dBm
(1388668242, 629196) -78 dBm
(1388668242, 731582) -81 dBm
(1388668242, 833999) -78 dBm
(1388668242, 936874) -80 dBm
(1388668243, 38772) -80 dBm
(1388668243, 141189) -79 dBm
(1388668243, 243606) -79 dBm
(1388668243, 345962) -79 dBm
(1388668243, 448410) -78 dBm
(1388668243, 550796) -79 dBm
(1388668243, 653213) -78 dBm
(1388668243, 755661) -81 dBm
(1388668243, 858017) -80 dBm
(1388668243, 960403) -81 dBm
(1388668244, 62820) -80 dBm
(1388668244, 165237) -79 dBm
(1388668244, 267654) -80 dBm
(1388668244, 370041) -79 dBm
(1388668244, 472427) -80 dBm
(1388668244, 574875) -81 dBm
(1388668244, 677231) -80 dBm
(1388668244, 779617) -81 dBm
(1388668244, 882004) -80 dBm
(1388668244, 984421) -80 dBm
(1388668245, 86838) -81 dBm
(1388668245, 189224) -81 dBm
(1388668245, 291610) -80 dBm
(1388668245, 394027) -82 dBm
(1388668245, 496475) -81 dBm
(1388668245, 598831) -81 dBm
(1388668245, 701217) -82 dBm
(1388668245, 803634) -82 dBm
(1388668245, 906082) -81 dBm
(1388668246, 8438) -80 dBm
(1388668246, 110824) -80 dBm
(1388668246, 213211) -80 dBm
(1388668246, 316940) -79 dBm
(1388668246, 418045) -79 dBm
(1388668246, 520431) -80 dBm
(1388668246, 622848) -80 dBm
(1388668246, 725235) -80 dBm
(1388668246, 829239) -80 dBm
(1388668246, 930038) -79 dBm
(1388668247, 32455) -79 dBm
(1388668247, 134964) -79 dBm
(1388668247, 237228) -79 dBm
(1388668247, 339645) -81 dBm
(1388668247, 442062) -79 dBm
(1388668247, 544449) -80 dBm
(1388668247, 646835) -80 dBm
(1388668247, 749252) -79 dBm
(1388668247, 851669) -80 dBm
(1388668247, 954056) -81 dBm
(1388668248, 56503) -80 dBm
(1388668248, 158859) -79 dBm
(1388668248, 261245) -81 dBm
(1388668248, 363662) -80 dBm
(1388668248, 466110) -82 dBm
(1388668248, 568466) -80 dBm
(1388668248, 670852) -82 dBm
(1388668248, 773239) -80 dBm
(1388668248, 875717) -92 dBm
(1388668248, 978073) -85 dBm
(1388668249, 80459) -83 dBm
(1388668249, 182876) -82 dBm
(1388668249, 285354) -81 dBm
(1388668249, 387588) -81 dBm
(1388668249, 490066) -81 dBm
(1388668249, 592483) -80 dBm
(1388668249, 694931) -86 dBm
(1388668249, 797256) -81 dBm
(1388668249, 899673) -80 dBm
(1388668250, 2090) -81 dBm
(1388668250, 104477) -80 dBm
(1388668250, 206894) -78 dBm
(1388668250, 309280) -79 dBm
(1388668250, 411667) -77 dBm
(1388668250, 514084) -78 dBm
(1388668250, 616531) -77 dBm
(1388668250, 718887) -77 dBm
(1388668250, 821274) -78 dBm
(1388668250, 923691) -80 dBm
(1388668251, 26138) -78 dBm
(1388668251, 128494) -78 dBm
(1388668251, 230880) -78 dBm
(1388668251, 333297) -80 dBm
(1388668251, 435684) -79 dBm
(1388668251, 538070) -79 dBm
(1388668251, 640487) -79 dBm
(1388668251, 742904) -80 dBm
(1388668251, 845352) -83 dBm
(1388668251, 949692) -83 dBm
(1388668252, 50094) -81 dBm
(1388668252, 152511) -80 dBm
(1388668252, 254989) -85 dBm
(1388668252, 357315) -81 dBm
(1388668252, 459701) -81 dBm
(1388668252, 562118) -82 dBm
(1388668252, 664505) -80 dBm
(1388668252, 766891) -81 dBm
(1388668252, 869308) -78 dBm
(1388668252, 971725) -79 dBm
(1388668253, 74112) -80 dBm
(1388668253, 176559) -80 dBm
(1388668253, 278915) -80 dBm
(1388668253, 381332) -81 dBm
(1388668253, 483719) -79 dBm
(1388668253, 586166) -80 dBm
(1388668253, 688522) -80 dBm
(1388668253, 790909) -82 dBm
(1388668253, 893326) -80 dBm
(1388668253, 995773) -81 dBm
(1388668254, 98129) -80 dBm
(1388668254, 200515) -79 dBm
(1388668254, 302932) -80 dBm
(1388668254, 405349) -79 dBm
(1388668254, 507705) -81 dBm
(1388668254, 610122) -79 dBm
(1388668254, 712509) -81 dBm
(1388668254, 815048) -80 dBm
(1388668254, 917343) -80 dBm
(1388668255, 19729) -80 dBm
(1388668255, 122146) -79 dBm
(1388668255, 224533) -80 dBm
(1388668255, 326950) -79 dBm
(1388668255, 429336) -80 dBm
(1388668255, 531753) -80 dBm
(1388668255, 634140) -79 dBm
(1388668255, 736618) -80 dBm
(1388668255, 838943) -79 dBm
(1388668255, 941330) -81 dBm
(1388668256, 43747) -80 dBm
(1388668256, 146194) -82 dBm
(1388668256, 248550) -81 dBm
(1388668256, 350937) -81 dBm
(1388668256, 453354) -82 dBm
(1388668256, 555771) -81 dBm
(1388668256, 658157) -81 dBm
(1388668256, 760544) -80 dBm
(1388668256, 862961) -80 dBm
(1388668256, 965408) -81 dBm
(1388668257, 70846) -81 dBm
(1388668257, 170150) -81 dBm
(1388668257, 272567) -82 dBm
(1388668257, 375076) -81 dBm
(1388668257, 477371) -80 dBm
(1388668257, 579757) -80 dBm
(1388668257, 682174) -79 dBm
(1388668257, 784561) -82 dBm
(1388668257, 886978) -79 dBm
(1388668257, 989364) -82 dBm
(1388668258, 91781) -80 dBm
(1388668258, 194168) -81 dBm
(1388668258, 296615) -79 dBm
(1388668258, 398971) -80 dBm
(1388668258, 501358) -79 dBm
(1388668258, 603775) -79 dBm
(1388668258, 706222) -80 dBm
(1388668258, 808578) -80 dBm
(1388668258, 910995) -80 dBm
(1388668259, 13382) -80 dBm
(1388668259, 115829) -80 dBm
(1388668259, 218185) -79 dBm
(1388668259, 320572) -78 dBm
(1388668259, 422989) -78 dBm
(1388668259, 525436) -79 dBm
(1388668259, 628189) -78 dBm
(1388668259, 730209) -79 dBm
(1388668259, 832596) -78 dBm
(1388668259, 935104) -81 dBm
(1388668260, 37460) -79 dBm
(1388668260, 139724) -79 dBm
(1388668260, 242203) -80 dBm
(1388668260, 344589) -78 dBm
(1388668260, 447036) -79 dBm
(1388668260, 549392) -78 dBm
(1388668260, 651809) -78 dBm
(1388668260, 754226) -77 dBm
(1388668260, 856643) -78 dBm
(1388668260, 958999) -77 dBm
(1388668261, 61416) -78 dBm
(1388668261, 163803) -77 dBm
(1388668261, 266281) -78 dBm
(1388668261, 368606) -78 dBm
(1388668261, 471023) -77 dBm
(1388668261, 573410) -78 dBm
(1388668261, 675857) -78 dBm
(1388668261, 778213) -79 dBm
(1388668261, 880630) -80 dBm
(1388668261, 983017) -78 dBm
(1388668262, 85464) -78 dBm
(1388668262, 192856) -79 dBm
(1388668262, 290237) -80 dBm
(1388668262, 392624) -80 dBm
(1388668262, 495102) -81 dBm
(1388668262, 597427) -79 dBm
(1388668262, 699844) -81 dBm
(1388668262, 802231) -79 dBm
(1388668262, 904617) -82 dBm
(1388668263, 7034) -81 dBm
(1388668263, 109451) -82 dBm
(1388668263, 211838) -82 dBm
(1388668263, 314254) -81 dBm
(1388668263, 416671) -81 dBm
(1388668263, 519027) -79 dBm
(1388668263, 621444) -79 dBm
(1388668263, 723831) -80 dBm
(1388668263, 826309) -81 dBm
(1388668263, 928634) -82 dBm
(1388668264, 31021) -80 dBm
(1388668264, 133438) -80 dBm
(1388668264, 235916) -80 dBm
(1388668264, 338272) -79 dBm
(1388668264, 440628) -80 dBm
(1388668264, 543045) -80 dBm
(1388668264, 645523) -80 dBm
(1388668264, 749435) -80 dBm
(1388668264, 850235) -80 dBm
(1388668264, 952652) -81 dBm
(1388668265, 55130) -79 dBm
(1388668265, 157455) -79 dBm
(1388668265, 259842) -79 dBm
(1388668265, 362259) -81 dBm
(1388668265, 464645) -80 dBm
(1388668265, 567062) -80 dBm
(1388668265, 669479) -80 dBm
(1388668265, 771866) -80 dBm
(1388668265, 874283) -80 dBm
(1388668265, 976669) -80 dBm
(1388668266, 79056) -79 dBm
(1388668266, 181473) -80 dBm
(1388668266, 283859) -80 dBm
(1388668266, 386337) -80 dBm
(1388668266, 488662) -80 dBm
(1388668266, 591079) -80 dBm
(1388668266, 693466) -80 dBm
(1388668266, 795944) -81 dBm
(1388668266, 898269) -81 dBm
(1388668267, 656) -80 dBm
(1388668267, 103073) -82 dBm
(1388668267, 205459) -79 dBm
(1388668267, 307846) -80 dBm
(1388668267, 410263) -78 dBm
(1388668267, 512954) -79 dBm
(1388668267, 615158) -81 dBm
(1388668267, 717483) -81 dBm
(1388668267, 819900) -79 dBm
(1388668267, 922287) -80 dBm
(1388668268, 24673) -80 dBm
(1388668268, 127090) -79 dBm
(1388668268, 229477) -79 dBm
(1388668268, 331894) -79 dBm
(1388668268, 434280) -83 dBm
(1388668268, 536697) -80 dBm
(1388668268, 639084) -83 dBm
(1388668268, 741501) -81 dBm
(1388668268, 843887) -79 dBm
(1388668268, 946335) -79 dBm
(1388668269, 48691) -79 dBm
(1388668269, 151108) -78 dBm
(1388668269, 253494) -79 dBm
(1388668269, 355972) -77 dBm
(1388668269, 458328) -79 dBm
(1388668269, 560714) -78 dBm
(1388668269, 663131) -79 dBm
(1388668269, 765548) -79 dBm
(1388668269, 867935) -78 dBm
(1388668269, 970291) -79 dBm
(1388668270, 72708) -79 dBm
(1388668270, 175186) -80 dBm
(1388668270, 277511) -80 dBm
(1388668270, 379898) -84 dBm
(1388668270, 482315) -82 dBm
(1388668270, 584793) -83 dBm
(1388668270, 687118) -82 dBm
(1388668270, 789505) -83 dBm
(1388668270, 891922) -81 dBm
(1388668270, 994308) -80 dBm
(1388668271, 96725) -80 dBm
(1388668271, 199112) -81 dBm
(1388668271, 301529) -81 dBm
(1388668271, 403915) -82 dBm
(1388668271, 506393) -78 dBm
(1388668271, 608719) -78 dBm
(1388668271, 711136) -79 dBm
(1388668271, 813492) -78 dBm
(1388668271, 915970) -79 dBm
(1388668272, 18326) -79 dBm
(1388668272, 120743) -78 dBm
(1388668272, 223129) -81 dBm
(1388668272, 325607) -81 dBm
(1388668272, 427932) -80 dBm
(1388668272, 530349) -82 dBm
(1388668272, 632766) -81 dBm
(1388668272, 735214) -81 dBm
(1388668272, 837326) -79 dBm
(1388668272, 939926) -80 dBm
(1388668273, 42343) -79 dBm
(1388668273, 144821) -81 dBm
(1388668273, 247146) -79 dBm
(1388668273, 349563) -80 dBm
(1388668273, 451950) -79 dBm
(1388668273, 554336) -79 dBm
(1388668273, 656753) -80 dBm
(1388668273, 759140) -80 dBm
(1388668273, 861557) -79 dBm
(1388668273, 963943) -79 dBm
(1388668274, 66391) -78 dBm
(1388668274, 168747) -80 dBm
(1388668274, 271164) -78 dBm
(1388668274, 373581) -80 dBm
(1388668274, 475998) -80 dBm
(1388668274, 578354) -78 dBm
(1388668274, 680771) -79 dBm
(1388668274, 783157) -81 dBm
(1388668274, 885605) -80 dBm
(1388668274, 990188) -79 dBm
(1388668275, 90378) -79 dBm
(1388668275, 192764) -79 dBm
(1388668275, 295242) -80 dBm
(1388668275, 397567) -80 dBm
(1388668275, 499984) -80 dBm
(1388668275, 602401) -80 dBm
(1388668275, 618881) -81 dBm
(1388668275, 653885) -82 dBm
(1388668275, 704818) -79 dBm
(1388668275, 807174) -80 dBm
(1388668275, 909561) -80 dBm
(1388668276, 11978) -79 dBm
(1388668276, 114364) -78 dBm
(1388668276, 216781) -78 dBm
(1388668276, 319107) -79 dBm
(1388668276, 421615) -80 dBm
(1388668276, 523971) -78 dBm
(1388668276, 626449) -79 dBm
(1388668276, 728775) -80 dBm
(1388668276, 831161) -80 dBm
(1388668276, 933578) -83 dBm
(1388668277, 36056) -80 dBm
(1388668277, 138382) -80 dBm
(1388668277, 240799) -80 dBm
(1388668277, 343185) -81 dBm
(1388668277, 445694) -80 dBm
(1388668277, 548355) -81 dBm
(1388668277, 650406) -79 dBm
(1388668277, 752792) -78 dBm
(1388668277, 855240) -78 dBm
(1388668277, 957596) -79 dBm
(1388668278, 60013) -77 dBm
(1388668278, 162399) -77 dBm
(1388668278, 264847) -78 dBm
(1388668278, 367202) -77 dBm
(1388668278, 469619) -78 dBm
(1388668278, 572006) -78 dBm
(1388668278, 674423) -77 dBm
(1388668278, 776809) -79 dBm
(1388668278, 879226) -81 dBm
(1388668278, 981613) -82 dBm
(1388668279, 83999) -81 dBm
(1388668279, 186386) -80 dBm
(1388668279, 288803) -82 dBm
(1388668279, 391220) -80 dBm
(1388668279, 493606) -79 dBm
(1388668279, 595993) -78 dBm
(1388668279, 698410) -79 dBm
(1388668279, 800827) -79 dBm
(1388668279, 903213) -78 dBm
(1388668280, 6942) -78 dBm
(1388668280, 111068) -78 dBm
(1388668280, 210434) -78 dBm
(1388668280, 312820) -80 dBm
(1388668280, 415237) -79 dBm
(1388668280, 517624) -80 dBm
(1388668280, 620010) -79 dBm
(1388668280, 722458) -79 dBm
(1388668280, 824905) -80 dBm
(1388668280, 927749) -80 dBm
(1388668281, 29648) -82 dBm
(1388668281, 132034) -80 dBm
(1388668281, 234421) -81 dBm
(1388668281, 336838) -81 dBm
(1388668281, 398910) -82 dBm
(1388668281, 420150) -81 dBm
(1388668281, 439224) -81 dBm
(1388668281, 541641) -82 dBm
(1388668281, 644027) -82 dBm
(1388668281, 746475) -81 dBm
(1388668281, 848861) -79 dBm
(1388668281, 951248) -79 dBm
(1388668282, 53726) -80 dBm
(1388668282, 156021) -80 dBm
(1388668282, 258438) -80 dBm
(1388668282, 360855) -80 dBm
(1388668282, 463241) -79 dBm
(1388668282, 565628) -79 dBm
(1388668282, 668045) -79 dBm
(1388668282, 770462) -79 dBm
(1388668282, 872879) -79 dBm
(1388668282, 975235) -80 dBm
(1388668283, 77652) -80 dBm
(1388668283, 180069) -80 dBm
(1388668283, 282455) -80 dBm
(1388668283, 384964) -80 dBm
(1388668283, 487259) -80 dBm
(1388668283, 589676) -79 dBm
(1388668283, 692062) -80 dBm
(1388668283, 794479) -79 dBm
(1388668283, 896866) -80 dBm
(1388668283, 999283) -80 dBm
(1388668284, 101669) -79 dBm
(1388668284, 204086) -78 dBm
(1388668284, 306534) -80 dBm
(1388668284, 408890) -79 dBm
(1388668284, 511276) -79 dBm
(1388668284, 613662) -79 dBm
(1388668284, 717178) -79 dBm
(1388668284, 818496) -79 dBm
(1388668284, 920883) -80 dBm
(1388668285, 23269) -79 dBm
(1388668285, 125747) -79 dBm
(1388668285, 232315) -78 dBm
(1388668285, 330490) -78 dBm
(1388668285, 432907) -81 dBm
(1388668285, 535354) -80 dBm
(1388668285, 637680) -80 dBm
(1388668285, 740097) -80 dBm
(1388668285, 842483) -78 dBm
(1388668285, 944992) -78 dBm
(1388668286, 47287) -79 dBm
(1388668286, 149704) -78 dBm
(1388668286, 252090) -79 dBm
(1388668286, 354507) -79 dBm
(1388668286, 456894) -80 dBm
(1388668286, 559280) -80 dBm
(1388668286, 661697) -81 dBm
(1388668286, 764114) -80 dBm
(1388668286, 866562) -81 dBm
(1388668286, 968918) -82 dBm
(1388668287, 71304) -87 dBm
(1388668287, 173691) -80 dBm
(1388668287, 276169) -82 dBm
(1388668287, 378525) -79 dBm
(1388668287, 480911) -79 dBm
(1388668287, 583328) -79 dBm
(1388668287, 685775) -79 dBm
(1388668287, 789718) -79 dBm
(1388668287, 890518) -78 dBm
(1388668287, 992935) -78 dBm
(1388668288, 95352) -79 dBm
(1388668288, 197738) -78 dBm
(1388668288, 300125) -80 dBm
(1388668288, 402511) -78 dBm
(1388668288, 505020) -79 dBm
(1388668288, 607315) -79 dBm
(1388668288, 709732) -80 dBm
(1388668288, 812149) -77 dBm
(1388668288, 914535) -78 dBm
(1388668289, 16922) -79 dBm
(1388668289, 119339) -78 dBm
(1388668289, 221756) -79 dBm
(1388668289, 324142) -78 dBm
(1388668289, 426620) -78 dBm
(1388668289, 528946) -78 dBm
(1388668289, 631332) -78 dBm
(1388668289, 733749) -78 dBm
(1388668289, 836197) -78 dBm
(1388668289, 938553) -78 dBm
(1388668290, 40939) -80 dBm
(1388668290, 143356) -79 dBm
(1388668290, 245865) -79 dBm
(1388668290, 348037) -79 dBm
(1388668290, 450546) -82 dBm
(1388668290, 552932) -80 dBm
(1388668290, 655411) -81 dBm
(1388668290, 757766) -81 dBm
(1388668290, 860153) -82 dBm
(1388668290, 962570) -79 dBm
(1388668291, 65048) -79 dBm
(1388668291, 167373) -80 dBm
(1388668291, 269760) -81 dBm
(1388668291, 372146) -80 dBm
(1388668291, 474563) -82 dBm
(1388668291, 576950) -81 dBm
(1388668291, 679367) -80 dBm
(1388668291, 781753) -79 dBm
(1388668291, 884201) -81 dBm
(1388668291, 986618) -81 dBm
(1388668292, 88974) -81 dBm
(1388668292, 191391) -80 dBm
(1388668292, 293777) -80 dBm
(1388668292, 396225) -81 dBm
(1388668292, 498581) -80 dBm
(1388668292, 600967) -80 dBm
(1388668292, 703384) -79 dBm
(1388668292, 805832) -80 dBm
(1388668292, 910232) -80 dBm
(1388668293, 10574) -79 dBm
(1388668293, 112961) -80 dBm
(1388668293, 215408) -80 dBm
(1388668293, 317795) -80 dBm
(1388668293, 420181) -81 dBm
(1388668293, 522598) -80 dBm
(1388668293, 625076) -80 dBm
(1388668293, 727371) -80 dBm
(1388668293, 829696) -81 dBm
(1388668293, 932205) -81 dBm
(1388668294, 34622) -80 dBm
(1388668294, 136978) -82 dBm
(1388668294, 239395) -81 dBm
(1388668294, 341812) -80 dBm
(1388668294, 444198) -80 dBm
(1388668294, 546615) -80 dBm
(1388668294, 649032) -79 dBm
(1388668294, 751419) -80 dBm
(1388668294, 853805) -77 dBm
(1388668294, 956253) -79 dBm
(1388668295, 58609) -80 dBm
(1388668295, 160995) -81 dBm
(1388668295, 263412) -79 dBm
(1388668295, 365860) -82 dBm
(1388668295, 468216) -83 dBm
(1388668295, 570602) -82 dBm
(1388668295, 673050) -81 dBm
(1388668295, 775497) -80 dBm
(1388668295, 877823) -80 dBm
(1388668295, 980209) -82 dBm
(1388668296, 82626) -81 dBm
(1388668296, 185104) -80 dBm
(1388668296, 287399) -81 dBm
(1388668296, 389816) -79 dBm
(1388668296, 492233) -78 dBm
(1388668296, 594619) -78 dBm
(1388668296, 697036) -78 dBm
(1388668296, 799423) -77 dBm
(1388668296, 901870) -78 dBm
(1388668297, 4257) -79 dBm
(1388668297, 106704) -78 dBm
(1388668297, 209030) -77 dBm
(1388668297, 311416) -78 dBm
(1388668297, 413833) -79 dBm
(1388668297, 516311) -77 dBm
(1388668297, 618637) -78 dBm
(1388668297, 721023) -79 dBm
(1388668297, 823440) -79 dBm
(1388668297, 925888) -84 dBm
(1388668298, 31204) -80 dBm
(1388668298, 130630) -79 dBm
(1388668298, 233047) -81 dBm
(1388668298, 335525) -80 dBm
(1388668298, 437851) -81 dBm
(1388668298, 540237) -83 dBm
(1388668298, 642654) -80 dBm
(1388668298, 745132) -80 dBm
(1388668298, 847458) -82 dBm
(1388668298, 949844) -82 dBm
(1388668299, 52261) -80 dBm
(1388668299, 154648) -79 dBm
(1388668299, 257065) -79 dBm
(1388668299, 359573) -79 dBm
(1388668299, 461868) -79 dBm
(1388668299, 564254) -81 dBm
(1388668299, 666671) -81 dBm
(1388668299, 769058) -81 dBm
(1388668299, 871475) -81 dBm
(1388668299, 973861) -79 dBm
(1388668300, 76309) -79 dBm
(1388668300, 178665) -79 dBm
(1388668300, 281082) -79 dBm
(1388668300, 383468) -82 dBm
(1388668300, 485916) -80 dBm
(1388668300, 588546) -79 dBm
(1388668300, 690689) -80 dBm
(1388668300, 793075) -81 dBm
(1388668300, 895492) -81 dBm
(1388668300, 997879) -81 dBm
(1388668301, 100296) -80 dBm
(1388668301, 202682) -81 dBm
(1388668301, 305160) -80 dBm
(1388668301, 407486) -81 dBm
(1388668301, 509872) -80 dBm
(1388668301, 612289) -79 dBm
(1388668301, 714767) -81 dBm
(1388668301, 817093) -81 dBm
(1388668301, 919479) -80 dBm
(1388668302, 22415) -81 dBm
(1388668302, 124313) -82 dBm
(1388668302, 226700) -80 dBm
(1388668302, 329086) -81 dBm
(1388668302, 431503) -81 dBm
(1388668302, 533890) -81 dBm
(1388668302, 636368) -79 dBm
(1388668302, 738693) -79 dBm
(1388668302, 841110) -81 dBm
(1388668302, 943496) -79 dBm
(1388668303, 45944) -79 dBm
(1388668303, 152267) -79 dBm
(1388668303, 250686) -77 dBm
(1388668303, 353103) -78 dBm
(1388668303, 455490) -78 dBm
(1388668303, 557937) -80 dBm
(1388668303, 660324) -80 dBm
(1388668303, 762680) -78 dBm
(1388668303, 865188) -79 dBm
(1388668303, 967514) -81 dBm
(1388668304, 69900) -80 dBm
(1388668304, 172317) -80 dBm
(1388668304, 274765) -79 dBm
(1388668304, 377121) -80 dBm
(1388668304, 479507) -79 dBm
(1388668304, 581924) -78 dBm
(1388668304, 684341) -78 dBm
(1388668304, 786728) -78 dBm
(1388668304, 889175) -79 dBm
(1388668304, 991531) -78 dBm
(1388668305, 93918) -77 dBm
(1388668305, 196396) -78 dBm
(1388668305, 298721) -81 dBm
(1388668305, 401138) -78 dBm
(1388668305, 503525) -80 dBm
(1388668305, 606003) -80 dBm
(1388668305, 709762) -82 dBm
(1388668305, 810745) -80 dBm
(1388668305, 913131) -82 dBm
(1388668306, 322738) -79 dBm
(1388668306, 425216) -80 dBm
(1388668306, 527572) -80 dBm
(1388668306, 629928) -79 dBm
(1388668306, 732345) -79 dBm
(1388668306, 834823) -80 dBm
(1388668306, 937149) -79 dBm
(1388668307, 39535) -80 dBm
(1388668307, 141952) -80 dBm
(1388668307, 244339) -79 dBm
(1388668307, 346786) -80 dBm
(1388668307, 449173) -79 dBm
(1388668307, 551559) -80 dBm
(1388668307, 653976) -79 dBm
(1388668307, 756424) -79 dBm
(1388668307, 858749) -80 dBm
(1388668307, 961166) -79 dBm
(1388668308, 63553) -79 dBm
(1388668308, 166000) -79 dBm
(1388668308, 268356) -79 dBm
(1388668308, 370773) -79 dBm
(1388668308, 473190) -80 dBm
(1388668308, 575607) -81 dBm
(1388668308, 677994) -81 dBm
(1388668308, 780380) -80 dBm
(1388668308, 882766) -81 dBm
(1388668308, 985214) -81 dBm
(1388668309, 87600) -80 dBm
(1388668309, 189987) -81 dBm
(1388668309, 292373) -81 dBm
(1388668309, 394821) -81 dBm
(1388668309, 497177) -80 dBm
(1388668309, 599563) -80 dBm
(1388668309, 701980) -80 dBm
(1388668309, 804397) -79 dBm
(1388668309, 907211) -78 dBm
(1388668310, 9201) -81 dBm
(1388668310, 111587) -81 dBm
(1388668310, 213974) -80 dBm
(1388668310, 316452) -80 dBm
(1388668310, 418777) -78 dBm
(1388668310, 521194) -81 dBm
(1388668310, 623581) -78 dBm
(1388668310, 726059) -78 dBm
(1388668310, 830948) -82 dBm
(1388668310, 930801) -81 dBm
(1388668311, 33188) -79 dBm
(1388668311, 135635) -79 dBm
(1388668311, 237991) -79 dBm
(1388668311, 340408) -78 dBm
(1388668311, 442795) -79 dBm
(1388668311, 545028) -78 dBm
(1388668311, 647598) -77 dBm
(1388668311, 750015) -79 dBm
(1388668311, 852401) -80 dBm
(1388668311, 954910) -78 dBm
(1388668312, 57205) -78 dBm
(1388668312, 159622) -79 dBm
(1388668312, 262008) -79 dBm
(1388668312, 364425) -79 dBm
(1388668312, 466812) -77 dBm
(1388668312, 569229) -79 dBm
(1388668312, 671646) -78 dBm
(1388668312, 773819) -77 dBm
(1388668312, 876175) -78 dBm
(1388668312, 978836) -78 dBm
(1388668313, 81222) -77 dBm
(1388668313, 183639) -79 dBm
(1388668313, 286087) -81 dBm
(1388668313, 388290) -83 dBm
(1388668313, 490829) -86 dBm
(1388668313, 593246) -84 dBm
(1388668313, 695694) -82 dBm
(1388668313, 798050) -83 dBm
(1388668313, 900436) -80 dBm
(1388668314, 2823) -82 dBm
(1388668314, 105270) -81 dBm
(1388668314, 207626) -80 dBm
(1388668314, 310043) -78 dBm
(1388668314, 412430) -78 dBm
(1388668314, 514938) -80 dBm
(1388668314, 617264) -79 dBm
(1388668314, 719650) -80 dBm
(1388668314, 822067) -78 dBm
(1388668314, 924453) -79 dBm
(1388668315, 26870) -79 dBm
(1388668315, 129257) -79 dBm
(1388668315, 231643) -80 dBm
(1388668315, 334030) -82 dBm
(1388668315, 436508) -82 dBm
(1388668315, 538833) -79 dBm
(1388668315, 641250) -82 dBm
(1388668315, 743667) -81 dBm
(1388668315, 846115) -82 dBm
(1388668315, 950577) -81 dBm
(1388668316, 50857) -80 dBm
(1388668316, 153274) -79 dBm
(1388668316, 255722) -78 dBm
(1388668316, 358047) -79 dBm
(1388668316, 460464) -78 dBm
(1388668316, 562881) -79 dBm
(1388668316, 665359) -77 dBm
(1388668316, 767654) -79 dBm
(1388668316, 870071) -83 dBm
(1388668316, 972458) -82 dBm
(1388668317, 74966) -84 dBm
(1388668317, 177261) -81 dBm
(1388668317, 279678) -79 dBm
(1388668317, 382065) -79 dBm
(1388668317, 484482) -81 dBm
(1388668317, 586899) -81 dBm
(1388668317, 689285) -81 dBm