Corner04-2
(1388668481, 737167) -83 dBm
(1388668481, 838424) -85 dBm
(1388668481, 940811) -86 dBm
(1388668482, 43228) -87 dBm
(1388668482, 145675) -85 dBm
(1388668482, 248031) -83 dBm
(1388668482, 350387) -81 dBm
(1388668482, 452835) -81 dBm
(1388668482, 555221) -78 dBm
(1388668482, 657638) -77 dBm
(1388668482, 760025) -78 dBm
(1388668482, 862442) -77 dBm
(1388668482, 964920) -79 dBm
(1388668483, 67215) -77 dBm
(1388668483, 169632) -78 dBm
(1388668483, 272049) -79 dBm
(1388668483, 374435) -78 dBm
(1388668483, 476822) -77 dBm
(1388668483, 579239) -78 dBm
(1388668483, 681656) -78 dBm
(1388668483, 784042) -79 dBm
(1388668483, 886490) -77 dBm
(1388668483, 988846) -77 dBm
(1388668484, 91263) -78 dBm
(1388668484, 193649) -78 dBm
(1388668484, 296036) -78 dBm
(1388668484, 398452) -79 dBm
(1388668484, 500869) -76 dBm
(1388668484, 603256) -78 dBm
(1388668484, 705703) -78 dBm
(1388668484, 808059) -77 dBm
(1388668484, 912399) -77 dBm
(1388668485, 12863) -79 dBm
(1388668485, 115249) -79 dBm
(1388668485, 217666) -78 dBm
(1388668485, 320053) -79 dBm
(1388668485, 422470) -79 dBm
(1388668485, 524948) -79 dBm
(1388668485, 627243) -78 dBm
(1388668485, 729660) -78 dBm
(1388668485, 832077) -78 dBm
(1388668485, 934463) -78 dBm
(1388668486, 36850) -78 dBm
(1388668486, 139267) -77 dBm
(1388668486, 241653) -78 dBm
(1388668486, 344070) -78 dBm
(1388668486, 446548) -78 dBm
(1388668486, 548904) -78 dBm
(1388668486, 651291) -78 dBm
(1388668486, 753677) -78 dBm
(1388668486, 856064) -78 dBm
(1388668486, 958481) -78 dBm
(1388668487, 163315) -78 dBm
(1388668487, 265762) -79 dBm
(1388668487, 368088) -79 dBm
(1388668487, 470474) -78 dBm
(1388668487, 572921) -78 dBm
(1388668487, 675369) -79 dBm
(1388668487, 777694) -78 dBm
(1388668487, 880081) -79 dBm
(1388668487, 982528) -78 dBm
(1388668488, 84976) -78 dBm
(1388668488, 187301) -77 dBm
(1388668488, 289688) -79 dBm
(1388668488, 392105) -78 dBm
(1388668488, 494522) -78 dBm
(1388668488, 596908) -78 dBm
(1388668488, 699295) -78 dBm
(1388668488, 801712) -78 dBm
(1388668488, 904068) -78 dBm
(1388668489, 6576) -79 dBm
(1388668489, 108902) -78 dBm
(1388668489, 211319) -77 dBm
(1388668489, 313705) -78 dBm
(1388668489, 416061) -78 dBm
(1388668489, 518539) -77 dBm
(1388668489, 620926) -76 dBm
(1388668489, 723312) -78 dBm
(1388668489, 825790) -79 dBm
(1388668489, 928116) -78 dBm
(1388668490, 33127) -79 dBm
(1388668490, 132919) -79 dBm
(1388668490, 235367) -77 dBm
(1388668490, 337723) -79 dBm
(1388668490, 440140) -77 dBm
(1388668490, 542526) -78 dBm
(1388668490, 645035) -78 dBm
(1388668490, 747360) -78 dBm
(1388668490, 849746) -78 dBm
(1388668490, 952133) -77 dBm
(1388668491, 54519) -78 dBm
(1388668491, 156936) -78 dBm
(1388668491, 259323) -78 dBm
(1388668491, 361740) -79 dBm
(1388668491, 464126) -77 dBm
(1388668491, 566604) -78 dBm
(1388668491, 668930) -78 dBm
(1388668491, 771347) -78 dBm
(1388668491, 873733) -78 dBm
(1388668491, 976120) -79 dBm
(1388668492, 78537) -77 dBm
(1388668492, 180954) -76 dBm
(1388668492, 283371) -78 dBm
(1388668492, 385818) -78 dBm
(1388668492, 488144) -77 dBm
(1388668492, 591812) -78 dBm
(1388668492, 692947) -78 dBm
(1388668492, 795334) -78 dBm
(1388668492, 898117) -78 dBm
(1388668493, 168) -78 dBm
(1388668493, 102554) -78 dBm
(1388668493, 205063) -78 dBm
(1388668493, 307388) -78 dBm
(1388668493, 409744) -78 dBm
(1388668493, 512161) -78 dBm
(1388668493, 614547) -77 dBm
(1388668493, 716964) -77 dBm
(1388668493, 819381) -79 dBm
(1388668493, 921768) -78 dBm
(1388668494, 24154) -78 dBm
(1388668494, 127609) -78 dBm
(1388668494, 228988) -79 dBm
(1388668494, 331375) -78 dBm
(1388668494, 433761) -77 dBm
(1388668494, 536239) -77 dBm
(1388668494, 638565) -78 dBm
(1388668494, 740982) -76 dBm
(1388668494, 843368) -77 dBm
(1388668494, 946853) -78 dBm
(1388668495, 48172) -79 dBm
(1388668495, 150558) -78 dBm
(1388668495, 253006) -79 dBm
(1388668495, 355423) -78 dBm
(1388668495, 457779) -77 dBm
(1388668495, 560196) -78 dBm
(1388668495, 662582) -79 dBm
(1388668495, 765091) -79 dBm
(1388668495, 867386) -77 dBm
(1388668495, 969803) -79 dBm
(1388668496, 72189) -78 dBm
(1388668496, 174606) -79 dBm
(1388668496, 276993) -78 dBm
(1388668496, 379379) -78 dBm
(1388668496, 481765) -78 dBm
(1388668496, 584182) -78 dBm
(1388668496, 686661) -79 dBm
(1388668496, 788986) -78 dBm
(1388668496, 891403) -79 dBm
(1388668496, 993820) -78 dBm
(1388668497, 96298) -78 dBm
(1388668497, 198593) -78 dBm
(1388668497, 301010) -76 dBm
(1388668497, 403427) -78 dBm
(1388668497, 505783) -77 dBm
(1388668497, 608200) -77 dBm
(1388668497, 712082) -78 dBm
(1388668497, 813034) -77 dBm
(1388668497, 915451) -78 dBm
(1388668498, 17807) -79 dBm
(1388668498, 120224) -79 dBm
(1388668498, 222610) -79 dBm
(1388668498, 325119) -78 dBm
(1388668498, 427414) -78 dBm
(1388668498, 529800) -78 dBm
(1388668498, 632217) -78 dBm
(1388668498, 734634) -79 dBm
(1388668498, 837021) -78 dBm
(1388668498, 939438) -78 dBm
(1388668499, 41794) -79 dBm
(1388668499, 144211) -77 dBm
(1388668499, 247635) -77 dBm
(1388668499, 349014) -78 dBm
(1388668499, 451431) -78 dBm
(1388668499, 553817) -78 dBm
(1388668499, 656204) -77 dBm
(1388668499, 758651) -78 dBm
(1388668499, 861038) -77 dBm
(1388668499, 963455) -78 dBm
(1388668500, 65780) -78 dBm
(1388668500, 168228) -78 dBm
(1388668500, 270614) -78 dBm
(1388668500, 373031) -79 dBm
(1388668500, 475509) -78 dBm
(1388668500, 577865) -78 dBm
(1388668500, 680252) -78 dBm
(1388668500, 782638) -78 dBm
(1388668500, 885147) -78 dBm
(1388668500, 987442) -78 dBm
(1388668501, 89859) -78 dBm
(1388668501, 192245) -79 dBm
(1388668501, 294662) -79 dBm
(1388668501, 397049) -78 dBm
(1388668501, 499435) -78 dBm
(1388668501, 601852) -78 dBm
(1388668501, 704269) -79 dBm
(1388668501, 806656) -78 dBm
(1388668501, 909042) -79 dBm
(1388668502, 11459) -78 dBm
(1388668502, 113846) -78 dBm
(1388668502, 216324) -78 dBm
(1388668502, 318680) -78 dBm
(1388668502, 421066) -76 dBm
(1388668502, 523483) -78 dBm
(1388668502, 627090) -78 dBm
(1388668502, 728256) -79 dBm
(1388668502, 832382) -79 dBm
(1388668502, 933090) -77 dBm
(1388668503, 35476) -78 dBm
(1388668503, 137863) -78 dBm
(1388668503, 240280) -78 dBm
(1388668503, 342666) -78 dBm
(1388668503, 445175) -78 dBm
(1388668503, 547470) -78 dBm
(1388668503, 649887) -77 dBm
(1388668503, 752273) -78 dBm
(1388668503, 854690) -78 dBm
(1388668503, 957107) -78 dBm
(1388668504, 59829) -78 dBm
(1388668504, 161880) -78 dBm
(1388668504, 264297) -78 dBm
(1388668504, 366684) -78 dBm
(1388668504, 469070) -79 dBm
(1388668504, 571487) -78 dBm
(1388668504, 673874) -78 dBm
(1388668504, 776291) -78 dBm
(1388668504, 878708) -78 dBm
(1388668504, 981125) -76 dBm
(1388668505, 83481) -78 dBm
(1388668505, 185959) -79 dBm
(1388668505, 288284) -77 dBm
(1388668505, 390701) -78 dBm
(1388668505, 493088) -77 dBm
(1388668505, 595535) -79 dBm
(1388668505, 697921) -77 dBm
(1388668505, 800308) -78 dBm
(1388668505, 902725) -79 dBm
(1388668506, 5234) -77 dBm
(1388668506, 107498) -78 dBm
(1388668506, 209915) -79 dBm
(1388668506, 312332) -78 dBm
(1388668506, 414810) -78 dBm
(1388668506, 517105) -78 dBm
(1388668506, 619522) -78 dBm
(1388668506, 721908) -78 dBm
(1388668506, 824325) -77 dBm
(1388668506, 926712) -79 dBm
(1388668507, 29129) -79 dBm
(1388668507, 131515) -78 dBm
(1388668507, 233902) -78 dBm
(1388668507, 336288) -78 dBm
(1388668507, 438705) -78 dBm
(1388668507, 541122) -75 dBm
(1388668507, 643539) -79 dBm
(1388668507, 745987) -78 dBm
(1388668507, 848343) -77 dBm
(1388668507, 950760) -78 dBm
(1388668508, 53146) -79 dBm
(1388668508, 155624) -78 dBm
(1388668508, 257950) -79 dBm
(1388668508, 360336) -77 dBm
(1388668508, 462753) -78 dBm
(1388668508, 565231) -78 dBm
(1388668508, 667556) -78 dBm
(1388668508, 769943) -77 dBm
(1388668508, 872360) -77 dBm
(1388668508, 974838) -77 dBm
(1388668509, 77163) -78 dBm
(1388668509, 179550) -78 dBm
(1388668509, 281784) -78 dBm
(1388668509, 384353) -78 dBm
(1388668509, 486770) -77 dBm
(1388668509, 589157) -78 dBm
(1388668509, 691574) -78 dBm
(1388668509, 793960) -77 dBm
(1388668509, 896316) -78 dBm
(1388668509, 998764) -78 dBm
(1388668510, 101150) -78 dBm
(1388668510, 203567) -79 dBm
(1388668510, 306015) -79 dBm
(1388668510, 408371) -78 dBm
(1388668510, 510818) -79 dBm
(1388668510, 613174) -78 dBm
(1388668510, 715622) -78 dBm
(1388668510, 817978) -78 dBm
(1388668510, 920364) -77 dBm
(1388668511, 22751) -78 dBm
(1388668511, 125229) -79 dBm
(1388668511, 227554) -79 dBm
(1388668511, 329971) -77 dBm
(1388668511, 432388) -78 dBm
(1388668511, 534866) -79 dBm
(1388668511, 637192) -78 dBm
(1388668511, 739578) -78 dBm
(1388668511, 841964) -79 dBm
(1388668511, 944381) -78 dBm
(1388668512, 46798) -78 dBm
(1388668512, 149185) -78 dBm
(1388668512, 251571) -77 dBm
(1388668512, 354049) -79 dBm
(1388668512, 456436) -78 dBm
(1388668512, 558792) -79 dBm
(1388668512, 661178) -77 dBm
(1388668512, 763595) -78 dBm
(1388668512, 867019) -77 dBm
(1388668512, 968399) -78 dBm
(1388668513, 70785) -78 dBm
(1388668513, 173202) -78 dBm
(1388668513, 275680) -77 dBm
(1388668513, 378006) -78 dBm
(1388668513, 480392) -78 dBm
(1388668513, 582809) -78 dBm
(1388668513, 685226) -79 dBm
(1388668513, 787582) -78 dBm
(1388668513, 890030) -78 dBm
(1388668513, 992416) -77 dBm
(1388668514, 94864) -78 dBm
(1388668514, 197220) -77 dBm
(1388668514, 299606) -78 dBm
(1388668514, 401993) -78 dBm
(1388668514, 504410) -79 dBm
(1388668514, 606796) -78 dBm
(1388668514, 709213) -77 dBm
(1388668514, 811630) -78 dBm
(1388668514, 914016) -78 dBm
(1388668515, 16433) -78 dBm
(1388668515, 119217) -79 dBm
(1388668515, 221237) -76 dBm
(1388668515, 323623) -78 dBm
(1388668515, 427231) -80 dBm
(1388668515, 528427) -79 dBm
(1388668515, 619888) -78 dBm
(1388668515, 632248) -77 dBm
(1388668515, 656845) -79 dBm
(1388668515, 733230) -77 dBm
(1388668515, 835678) -78 dBm
(1388668515, 938034) -78 dBm
(1388668516, 40420) -78 dBm
(1388668516, 142837) -79 dBm
(1388668516, 245254) -78 dBm
(1388668516, 347976) -79 dBm
(1388668516, 450058) -78 dBm
(1388668516, 552444) -78 dBm
(1388668516, 654892) -78 dBm
(1388668516, 757248) -77 dBm
(1388668516, 859634) -78 dBm
(1388668516, 962051) -78 dBm
(1388668517, 64438) -78 dBm
(1388668517, 166855) -79 dBm
(1388668517, 269241) -78 dBm
(1388668517, 371658) -78 dBm
(1388668517, 474045) -77 dBm
(1388668517, 576523) -78 dBm
(1388668517, 678848) -78 dBm
(1388668517, 781234) -75 dBm
(1388668517, 883651) -79 dBm
(1388668517, 986099) -79 dBm
(1388668518, 88455) -79 dBm
(1388668518, 190841) -79 dBm
(1388668518, 293258) -79 dBm
(1388668518, 395706) -78 dBm
(1388668518, 498062) -79 dBm
(1388668518, 600479) -78 dBm
(1388668518, 702865) -77 dBm
(1388668518, 805221) -78 dBm
(1388668518, 907669) -77 dBm
(1388668519, 10055) -78 dBm
(1388668519, 112472) -77 dBm
(1388668519, 214920) -79 dBm
(1388668519, 317276) -78 dBm
(1388668519, 419693) -77 dBm
(1388668519, 522079) -78 dBm
(1388668519, 624466) -77 dBm
(1388668519, 726883) -78 dBm
(1388668519, 829269) -78 dBm
(1388668519, 931686) -78 dBm
(1388668520, 34073) -78 dBm
(1388668520, 136520) -78 dBm
(1388668520, 238876) -78 dBm
(1388668520, 341293) -77 dBm
(1388668520, 443680) -78 dBm
(1388668520, 546127) -78 dBm
(1388668520, 648483) -78 dBm
(1388668520, 752243) -78 dBm
(1388668520, 853286) -77 dBm
(1388668520, 955734) -78 dBm
(1388668521, 58090) -78 dBm
(1388668521, 160507) -78 dBm
(1388668521, 262893) -78 dBm
(1388668521, 365371) -79 dBm
(1388668521, 467697) -79 dBm
(1388668521, 570083) -77 dBm
(1388668521, 672500) -78 dBm
(1388668521, 774978) -77 dBm
(1388668521, 877304) -78 dBm
(1388668521, 979721) -78 dBm
(1388668522, 82107) -78 dBm
(1388668522, 184494) -78 dBm
(1388668522, 286911) -78 dBm
(1388668522, 389297) -79 dBm
(1388668522, 491714) -78 dBm
(1388668522, 594101) -77 dBm
(1388668522, 696548) -79 dBm
(1388668522, 798904) -77 dBm
(1388668522, 901321) -76 dBm
(1388668523, 3738) -79 dBm
(1388668523, 106155) -78 dBm
(1388668523, 208511) -78 dBm
(1388668523, 310867) -78 dBm
(1388668523, 413315) -77 dBm
(1388668523, 515762) -78 dBm
(1388668523, 618149) -78 dBm
(1388668523, 720505) -78 dBm
(1388668524, 130111) -78 dBm
(1388668524, 232528) -80 dBm
(1388668524, 335006) -79 dBm
(1388668524, 437332) -78 dBm
(1388668524, 539749) -78 dBm
(1388668524, 642135) -78 dBm
(1388668524, 744522) -78 dBm
(1388668524, 846939) -78 dBm
(1388668524, 949356) -78 dBm
(1388668525, 51742) -78 dBm
(1388668525, 154159) -77 dBm
(1388668525, 205826) -78 dBm
(1388668525, 227646) -78 dBm
(1388668525, 256607) -78 dBm
(1388668525, 358932) -77 dBm
(1388668525, 461349) -75 dBm
(1388668525, 563736) -79 dBm
(1388668525, 666122) -78 dBm
(1388668525, 768539) -78 dBm
(1388668525, 872024) -78 dBm
(1388668525, 973343) -79 dBm
(1388668526, 77011) -78 dBm
(1388668526, 178146) -77 dBm
(1388668526, 280533) -78 dBm
(1388668526, 382950) -78 dBm
(1388668526, 485397) -78 dBm
(1388668526, 587784) -78 dBm
(1388668526, 690170) -78 dBm
(1388668526, 792557) -78 dBm
(1388668526, 895065) -78 dBm
(1388668526, 997360) -78 dBm
(1388668527, 99777) -79 dBm
(1388668527, 202163) -78 dBm
(1388668527, 304550) -78 dBm
(1388668527, 406967) -78 dBm
(1388668527, 509384) -79 dBm
(1388668527, 611770) -78 dBm
(1388668527, 714187) -78 dBm
(1388668527, 816543) -78 dBm
(1388668527, 918991) -78 dBm
(1388668528, 123764) -78 dBm
(1388668528, 226150) -77 dBm
(1388668528, 328567) -78 dBm
(1388668528, 430984) -78 dBm
(1388668528, 533371) -79 dBm
(1388668528, 635849) -78 dBm
(1388668528, 738174) -77 dBm
(1388668528, 840561) -78 dBm
(1388668528, 942978) -80 dBm
(1388668529, 45395) -78 dBm
(1388668529, 147812) -78 dBm
(1388668529, 250168) -79 dBm
(1388668529, 352585) -77 dBm
(1388668529, 455063) -79 dBm
(1388668529, 557419) -78 dBm
(1388668529, 659805) -80 dBm
(1388668529, 762192) -78 dBm
(1388668529, 864609) -78 dBm
(1388668529, 966995) -77 dBm
(1388668530, 69412) -77 dBm
(1388668530, 171798) -78 dBm
(1388668530, 274215) -78 dBm
(1388668530, 376541) -79 dBm
(1388668530, 478988) -78 dBm
(1388668530, 581405) -76 dBm
(1388668530, 683792) -78 dBm
(1388668530, 786300) -79 dBm
(1388668530, 888595) -79 dBm
(1388668530, 993637) -78 dBm
(1388668531, 93399) -79 dBm
(1388668531, 195846) -78 dBm
(1388668531, 298202) -77 dBm
(1388668531, 400619) -78 dBm
(1388668531, 503006) -78 dBm
(1388668531, 605453) -78 dBm
(1388668531, 707809) -78 dBm
(1388668531, 810226) -77 dBm
(1388668531, 912613) -78 dBm
(1388668532, 15121) -78 dBm
(1388668532, 117416) -78 dBm
(1388668532, 219833) -78 dBm
(1388668532, 322220) -78 dBm
(1388668532, 424637) -78 dBm
(1388668532, 527023) -78 dBm
(1388668532, 629440) -77 dBm
(1388668532, 731827) -78 dBm
(1388668532, 834244) -78 dBm
(1388668532, 936630) -78 dBm
(1388668533, 39047) -77 dBm
(1388668533, 141433) -76 dBm
(1388668533, 243820) -79 dBm
(1388668533, 346298) -79 dBm
(1388668533, 448654) -77 dBm
(1388668533, 552719) -78 dBm
(1388668533, 653457) -78 dBm
(1388668533, 755874) -78 dBm
(1388668533, 858200) -78 dBm
(1388668533, 960647) -77 dBm
(1388668534, 63034) -79 dBm
(1388668534, 165481) -78 dBm
(1388668534, 267837) -78 dBm
(1388668534, 370254) -78 dBm
(1388668534, 472641) -78 dBm
(1388668534, 575149) -78 dBm
(1388668534, 677444) -79 dBm
(1388668534, 779861) -78 dBm
(1388668534, 882248) -77 dBm
(1388668534, 984665) -78 dBm
(1388668535, 87082) -79 dBm
(1388668535, 189468) -79 dBm
(1388668535, 291885) -77 dBm
(1388668535, 394272) -79 dBm
(1388668535, 496658) -78 dBm
(1388668535, 599075) -78 dBm
(1388668535, 701492) -76 dBm
(1388668535, 803848) -78 dBm
(1388668535, 906326) -79 dBm
(1388668536, 8682) -78 dBm
(1388668536, 111068) -77 dBm
(1388668536, 213485) -77 dBm
(1388668536, 315933) -77 dBm
(1388668536, 418289) -79 dBm
(1388668536, 520675) -79 dBm
(1388668536, 623092) -79 dBm
(1388668536, 725509) -78 dBm
(1388668536, 827835) -78 dBm
(1388668536, 930282) -79 dBm
(1388668537, 32699) -78 dBm
(1388668537, 135177) -77 dBm
(1388668537, 237503) -78 dBm
(1388668537, 339889) -78 dBm
(1388668537, 442276) -79 dBm
(1388668537, 544754) -78 dBm
(1388668537, 647079) -79 dBm
(1388668537, 749496) -78 dBm
(1388668537, 851883) -77 dBm
(1388668537, 954300) -78 dBm
(1388668538, 56686) -78 dBm
(1388668538, 159103) -79 dBm
(1388668538, 261490) -76 dBm
(1388668538, 363907) -77 dBm
(1388668538, 466293) -78 dBm
(1388668538, 568710) -77 dBm
(1388668538, 671097) -78 dBm
(1388668538, 773514) -79 dBm
(1388668538, 875931) -78 dBm
(1388668538, 978317) -78 dBm
(1388668539, 80703) -78 dBm
(1388668539, 183120) -78 dBm
(1388668539, 285568) -78 dBm
(1388668539, 387893) -78 dBm
(1388668539, 490310) -78 dBm
(1388668539, 592697) -78 dBm
(1388668539, 695236) -78 dBm
(1388668539, 797500) -78 dBm
(1388668539, 899917) -78 dBm
(1388668540, 2304) -79 dBm
(1388668540, 104782) -78 dBm
(1388668540, 207138) -78 dBm
(1388668540, 309524) -79 dBm
(1388668540, 411911) -78 dBm
(1388668540, 514328) -79 dBm
(1388668540, 616714) -77 dBm
(1388668540, 719131) -78 dBm
(1388668540, 923935) -77 dBm
(1388668541, 26382) -78 dBm
(1388668541, 128708) -79 dBm
(1388668541, 231125) -78 dBm
(1388668541, 333542) -78 dBm
(1388668541, 435959) -79 dBm
(1388668541, 538345) -78 dBm
(1388668541, 640732) -78 dBm
(1388668541, 743118) -78 dBm
(1388668541, 845596) -78 dBm
(1388668541, 947921) -78 dBm
(1388668542, 50338) -78 dBm
(1388668542, 152725) -78 dBm
(1388668542, 255234) -79 dBm
(1388668542, 357559) -78 dBm
(1388668542, 459945) -78 dBm
(1388668542, 562332) -77 dBm
(1388668542, 664840) -79 dBm
(1388668542, 767166) -79 dBm
(1388668542, 869552) -79 dBm
(1388668542, 971969) -78 dBm
(1388668543, 74356) -78 dBm
(1388668543, 176742) -77 dBm
(1388668543, 279159) -78 dBm
(1388668543, 381546) -78 dBm
(1388668543, 483963) -78 dBm
(1388668543, 586410) -79 dBm
(1388668543, 688766) -78 dBm
(1388668543, 793014) -78 dBm
(1388668543, 893570) -77 dBm
(1388668543, 995926) -78 dBm
(1388668544, 98373) -77 dBm
(1388668544, 200760) -77 dBm
(1388668544, 303177) -79 dBm
(1388668544, 406845) -79 dBm
(1388668544, 507950) -78 dBm
(1388668544, 610367) -77 dBm
(1388668544, 712784) -77 dBm
(1388668544, 815231) -78 dBm
(1388668544, 917587) -78 dBm
(1388668545, 20004) -78 dBm
(1388668545, 122360) -78 dBm
(1388668545, 224869) -78 dBm
(1388668545, 327163) -79 dBm
(1388668545, 429580) -78 dBm
(1388668545, 531967) -79 dBm
(1388668545, 634384) -79 dBm
(1388668545, 736801) -77 dBm
(1388668545, 839187) -78 dBm
(1388668546, 43991) -79 dBm
(1388668546, 146438) -79 dBm
(1388668546, 248794) -78 dBm
(1388668546, 351242) -77 dBm
(1388668546, 453567) -78 dBm
(1388668546, 556045) -77 dBm
(1388668546, 658401) -78 dBm
(1388668546, 760788) -78 dBm
(1388668546, 863205) -78 dBm
(1388668546, 965561) -78 dBm
(1388668547, 68008) -78 dBm
(1388668547, 170425) -78 dBm
(1388668547, 272781) -78 dBm
(1388668547, 375259) -79 dBm
(1388668547, 477615) -79 dBm
(1388668547, 580002) -78 dBm
(1388668547, 682419) -77 dBm
(1388668547, 784866) -79 dBm
(1388668547, 887222) -79 dBm
(1388668547, 989578) -78 dBm
(1388668548, 92025) -78 dBm
(1388668548, 194412) -78 dBm
(1388668548, 296829) -80 dBm
(1388668548, 399215) -78 dBm
(1388668548, 501632) -78 dBm
(1388668548, 604019) -78 dBm
(1388668548, 706466) -77 dBm
(1388668548, 808822) -78 dBm
(1388668548, 913650) -78 dBm
(1388668549, 13626) -79 dBm
(1388668549, 116043) -78 dBm
(1388668549, 218429) -77 dBm
(1388668549, 320846) -78 dBm
(1388668549, 423233) -78 dBm
(1388668549, 525680) -78 dBm
(1388668549, 628036) -77 dBm
(1388668549, 730423) -79 dBm
(1388668549, 832840) -78 dBm
(1388668549, 935226) -78 dBm
(1388668550, 37674) -78 dBm
(1388668550, 140030) -78 dBm
(1388668550, 242416) -78 dBm
(1388668550, 344955) -78 dBm
(1388668550, 447250) -78 dBm
(1388668550, 549637) -79 dBm
(1388668550, 652023) -78 dBm
(1388668550, 754440) -78 dBm
(1388668550, 856857) -78 dBm
(1388668550, 959244) -78 dBm
(1388668551, 61630) -77 dBm
(1388668551, 164047) -77 dBm
(1388668551, 266586) -78 dBm
(1388668551, 368850) -78 dBm
(1388668551, 471145) -79 dBm
(1388668551, 573654) -77 dBm
(1388668551, 676101) -77 dBm
(1388668551, 778457) -78 dBm
(1388668551, 880874) -78 dBm
(1388668551, 983261) -78 dBm
(1388668552, 85708) -78 dBm
(1388668552, 188064) -78 dBm
(1388668552, 290451) -78 dBm
(1388668552, 392868) -79 dBm
(1388668552, 495254) -78 dBm
(1388668552, 597671) -77 dBm
(1388668552, 700058) -78 dBm
(1388668552, 802475) -79 dBm
(1388668552, 904953) -78 dBm
(1388668553, 7278) -78 dBm
(1388668553, 109695) -78 dBm
(1388668553, 212082) -78 dBm
(1388668553, 314468) -78 dBm
(1388668553, 416885) -79 dBm
(1388668553, 519272) -78 dBm
(1388668553, 621689) -78 dBm
(1388668553, 724075) -78 dBm
(1388668553, 826523) -78 dBm
(1388668553, 928879) -78 dBm
(1388668554, 31265) -79 dBm
(1388668554, 133682) -78 dBm
(1388668554, 236129) -78 dBm
(1388668554, 338485) -78 dBm
(1388668554, 440902) -78 dBm
(1388668554, 543319) -79 dBm
(1388668554, 645736) -77 dBm
(1388668554, 748092) -78 dBm
(1388668554, 850509) -78 dBm
(1388668554, 952896) -78 dBm
(1388668555, 55282) -78 dBm
(1388668555, 157699) -78 dBm
(1388668555, 260086) -78 dBm
(1388668555, 362503) -77 dBm
(1388668555, 464950) -79 dBm
(1388668555, 567306) -78 dBm
(1388668555, 669693) -77 dBm
(1388668555, 772110) -78 dBm
(1388668555, 874496) -79 dBm
(1388668555, 976913) -78 dBm
(1388668556, 79300) -79 dBm
(1388668556, 284103) -79 dBm
(1388668556, 386581) -79 dBm
(1388668556, 488937) -77 dBm
(1388668556, 592148) -78 dBm
(1388668556, 693710) -78 dBm
(1388668556, 796158) -79 dBm
(1388668556, 898514) -79 dBm
(1388668557, 931) -78 dBm
(1388668557, 103348) -78 dBm
(1388668557, 205765) -79 dBm
(1388668557, 308120) -78 dBm
(1388668557, 410507) -78 dBm
(1388668557, 512924) -78 dBm
(1388668557, 615371) -77 dBm
(1388668557, 717727) -78 dBm
(1388668557, 820114) -78 dBm
(1388668557, 922531) -78 dBm
(1388668558, 25039) -78 dBm
(1388668558, 127334) -78 dBm
(1388668558, 229751) -78 dBm
(1388668558, 332138) -79 dBm
(1388668558, 434555) -78 dBm
(1388668558, 536941) -78 dBm
(1388668558, 639328) -78 dBm
(1388668558, 741745) -78 dBm
(1388668558, 844162) -78 dBm
(1388668558, 946579) -78 dBm
(1388668559, 48935) -79 dBm
(1388668559, 151260) -79 dBm
(1388668559, 253738) -77 dBm
(1388668559, 356216) -79 dBm
(1388668559, 458542) -78 dBm
(1388668559, 560959) -78 dBm
(1388668559, 663345) -78 dBm
(1388668559, 765793) -78 dBm
(1388668559, 868149) -78 dBm
(1388668559, 970566) -78 dBm
(1388668560, 72860) -77 dBm
(1388668560, 175216) -78 dBm
(1388668560, 277694) -77 dBm
(1388668560, 380081) -77 dBm
(1388668560, 482498) -80 dBm
(1388668560, 584945) -78 dBm
(1388668560, 687759) -79 dBm
(1388668560, 789627) -79 dBm
(1388668560, 892166) -77 dBm
(1388668560, 994552) -78 dBm
(1388668561, 96939) -78 dBm
(1388668561, 199356) -79 dBm
(1388668561, 301773) -78 dBm
(1388668561, 404190) -78 dBm
(1388668561, 506576) -77 dBm
(1388668561, 608993) -79 dBm
(1388668561, 713180) -79 dBm
(1388668561, 813766) -78 dBm
(1388668561, 916244) -78 dBm
(1388668562, 18570) -77 dBm
(1388668562, 120987) -79 dBm
(1388668562, 223373) -78 dBm
(1388668562, 325760) -79 dBm
(1388668562, 428177) -78 dBm
(1388668562, 530594) -78 dBm
(1388668562, 632980) -78 dBm
(1388668562, 735428) -78 dBm
(1388668562, 837784) -78 dBm
(1388668562, 940201) -78 dBm
(1388668563, 42587) -78 dBm
(1388668563, 145096) -79 dBm
(1388668563, 247390) -78 dBm
(1388668563, 349777) -78 dBm
(1388668563, 452194) -78 dBm
(1388668563, 554580) -78 dBm
(1388668563, 656997) -78 dBm
(1388668563, 759384) -77 dBm
(1388668563, 861801) -78 dBm
(1388668563, 964187) -79 dBm
(1388668564, 66635) -78 dBm
(1388668564, 169021) -77 dBm
(1388668564, 271225) -78 dBm
(1388668564, 373794) -78 dBm
(1388668564, 476181) -78 dBm
(1388668564, 578628) -79 dBm
(1388668564, 681015) -78 dBm
(1388668564, 783401) -78 dBm
(1388668564, 885788) -79 dBm
(1388668564, 988205) -78 dBm
(1388668565, 90622) -77 dBm
(1388668565, 193039) -77 dBm
(1388668565, 295456) -78 dBm
(1388668565, 397812) -79 dBm
(1388668565, 500229) -78 dBm
(1388668565, 602615) -78 dBm
(1388668565, 705093) -79 dBm
(1388668565, 807419) -77 dBm
(1388668565, 909836) -78 dBm
(1388668566, 12222) -78 dBm
(1388668566, 114639) -78 dBm
(1388668566, 217025) -78 dBm
(1388668566, 319412) -78 dBm
(1388668566, 421829) -77 dBm
(1388668566, 524215) -78 dBm
(1388668566, 626693) -78 dBm
(1388668566, 729019) -78 dBm
(1388668566, 831466) -78 dBm
(1388668566, 933822) -78 dBm
(1388668567, 36209) -76 dBm
(1388668567, 138626) -77 dBm
(1388668567, 241043) -79 dBm
(1388668567, 343460) -79 dBm
(1388668567, 445907) -78 dBm
(1388668567, 548233) -78 dBm
(1388668567, 650619) -78 dBm
(1388668567, 753036) -78 dBm
(1388668567, 855514) -77 dBm
(1388668567, 957870) -76 dBm
(1388668568, 60226) -78 dBm
(1388668568, 162643) -78 dBm
(1388668568, 265152) -78 dBm
(1388668568, 367447) -77 dBm
(1388668568, 469833) -77 dBm
(1388668568, 572250) -78 dBm
(1388668568, 674637) -78 dBm
(1388668568, 777115) -78 dBm
(1388668568, 879440) -78 dBm
(1388668568, 981857) -78 dBm
(1388668569, 84244) -78 dBm
(1388668569, 187088) -80 dBm
(1388668569, 289047) -77 dBm
(1388668569, 391403) -78 dBm
(1388668569, 493850) -78 dBm
(1388668569, 596298) -78 dBm
(1388668569, 698654) -78 dBm
(1388668569, 801071) -78 dBm
(1388668569, 903457) -79 dBm
(1388668570, 5905) -78 dBm
(1388668570, 108261) -79 dBm
(1388668570, 210678) -78 dBm
(1388668570, 313095) -79 dBm
(1388668570, 415542) -79 dBm
(1388668570, 517868) -77 dBm
(1388668570, 620285) -79 dBm
(1388668570, 722671) -78 dBm
(1388668570, 825180) -78 dBm
(1388668570, 927475) -77 dBm
(1388668571, 29892) -79 dBm
(1388668571, 132278) -79 dBm
(1388668571, 234787) -78 dBm
(1388668571, 337082) -78 dBm
(1388668571, 439499) -78 dBm
(1388668571, 541885) -78 dBm
(1388668571, 644272) -78 dBm
(1388668571, 746719) -78 dBm
(1388668571, 849075) -78 dBm
(1388668571, 953872) -78 dBm
(1388668572, 53879) -79 dBm
(1388668572, 156265) -78 dBm
(1388668572, 258713) -78 dBm
(1388668572, 361099) -78 dBm
(1388668572, 463516) -78 dBm
(1388668572, 565933) -78 dBm
(1388668572, 668289) -78 dBm
(1388668572, 770706) -78 dBm
(1388668572, 873092) -78 dBm
(1388668572, 975540) -77 dBm
(1388668573, 77926) -78 dBm
(1388668573, 180313) -78 dBm
(1388668573, 282699) -79 dBm
(1388668573, 385208) -78 dBm
(1388668573, 487503) -78 dBm
(1388668573, 589920) -78 dBm
(1388668573, 692367) -78 dBm
(1388668573, 794784) -78 dBm
(1388668573, 838424) -78 dBm
(1388668573, 858932) -79 dBm
(1388668573, 897110) -78 dBm
(1388668573, 999496) -78 dBm
(1388668574, 101913) -78 dBm
(1388668574, 204300) -78 dBm
(1388668574, 306717) -79 dBm
(1388668574, 409134) -78 dBm
(1388668574, 512192) -78 dBm
(1388668574, 613937) -79 dBm
(1388668574, 716385) -78 dBm
(1388668574, 818710) -78 dBm
(1388668574, 921127) -78 dBm
(1388668575, 23544) -78 dBm
(1388668575, 125900) -78 dBm
(1388668575, 228317) -77 dBm
(1388668575, 330734) -79 dBm
(1388668575, 433151) -77 dBm
(1388668575, 535598) -78 dBm
(1388668575, 637924) -77 dBm
(1388668575, 740341) -77 dBm
(1388668575, 842727) -78 dBm
(1388668575, 945205) -78 dBm
(1388668576, 47561) -77 dBm
(1388668576, 149948) -78 dBm
(1388668576, 252334) -78 dBm
(1388668576, 354782) -78 dBm
(1388668576, 457138) -78 dBm
(1388668576, 559555) -78 dBm
(1388668576, 661941) -78 dBm
(1388668576, 764358) -78 dBm
(1388668576, 866745) -78 dBm
(1388668576, 969162) -78 dBm
(1388668577, 71548) -78 dBm
(1388668577, 173965) -78 dBm
(1388668577, 276413) -78 dBm
(1388668577, 378738) -79 dBm
(1388668577, 481155) -78 dBm
(1388668577, 583542) -78 dBm
(1388668577, 686020) -77 dBm
(1388668577, 788376) -77 dBm
(1388668577, 890762) -77 dBm
(1388668577, 993179) -78 dBm
(1388668578, 95627) -79 dBm
(1388668578, 197952) -78 dBm
(1388668578, 300369) -78 dBm
(1388668578, 402755) -78 dBm
(1388668578, 505234) -78 dBm
(1388668578, 607559) -80 dBm
(1388668578, 709976) -78 dBm
(1388668578, 812362) -79 dBm
(1388668578, 914840) -79 dBm
(1388668579, 17166) -78 dBm
(1388668579, 119583) -78 dBm
(1388668579, 221969) -78 dBm
(1388668579, 324386) -78 dBm
(1388668579, 426773) -78 dBm
(1388668579, 529159) -80 dBm
(1388668579, 631607) -78 dBm
(1388668579, 733963) -78 dBm
(1388668579, 836380) -78 dBm
(1388668579, 938766) -78 dBm
(1388668580, 41183) -79 dBm
(1388668580, 143600) -79 dBm
(1388668580, 246109) -78 dBm
(1388668580, 348373) -78 dBm
(1388668580, 450790) -78 dBm
(1388668580, 553207) -78 dBm
(1388668580, 655655) -78 dBm
(1388668580, 757980) -79 dBm
(1388668580, 860397) -78 dBm
(1388668580, 962784) -78 dBm
(1388668581, 65262) -78 dBm
(1388668581, 167618) -78 dBm
(1388668581, 270004) -78 dBm
(1388668581, 372390) -78 dBm
(1388668581, 474869) -78 dBm
(1388668581, 577194) -78 dBm
(1388668581, 679611) -78 dBm
(1388668581, 781997) -78 dBm
(1388668581, 884414) -78 dBm
(1388668581, 986831) -77 dBm
(1388668582, 89218) -78 dBm
(1388668582, 191696) -79 dBm
(1388668582, 294021) -79 dBm
(1388668582, 396469) -78 dBm
(1388668582, 498825) -78 dBm
(1388668582, 601211) -78 dBm
(1388668582, 703598) -78 dBm
(1388668582, 807205) -78 dBm
(1388668582, 908401) -78 dBm
(1388668583, 10818) -78 dBm
(1388668583, 113235) -78 dBm
(1388668583, 215622) -78 dBm
(1388668583, 318039) -79 dBm
(1388668583, 420425) -78 dBm
(1388668583, 522781) -77 dBm
(1388668583, 625259) -79 dBm
(1388668583, 727615) -77 dBm
(1388668583, 830032) -78 dBm
(1388668583, 932419) -77 dBm
(1388668584, 34866) -79 dBm
(1388668584, 137222) -77 dBm
(1388668584, 239639) -78 dBm
(1388668584, 342025) -77 dBm
(1388668584, 444442) -78 dBm
(1388668584, 546890) -78 dBm
(1388668584, 649246) -77 dBm
(1388668584, 751663) -78 dBm
(1388668584, 854049) -77 dBm
(1388668584, 956497) -78 dBm
(1388668585, 58853) -78 dBm
(1388668585, 161239) -78 dBm
(1388668585, 263626) -78 dBm
(1388668585, 366073) -77 dBm
(1388668585, 468460) -77 dBm
(1388668585, 570846) -79 dBm
(1388668585, 673233) -78 dBm
(1388668585, 775802) -78 dBm
(1388668585, 878067) -78 dBm
(1388668585, 980453) -77 dBm
(1388668586, 82870) -80 dBm
(1388668586, 185257) -78 dBm
(1388668586, 287674) -77 dBm
(1388668586, 390060) -78 dBm
(1388668586, 492447) -78 dBm
(1388668586, 594955) -77 dBm
(1388668586, 697250) -77 dBm
(1388668586, 799667) -79 dBm
(1388668586, 902054) -78 dBm
(1388668587, 4471) -77 dBm
(1388668587, 106857) -78 dBm
(1388668587, 209823) -78 dBm
(1388668587, 212356) -78 dBm
(1388668587, 230118) -77 dBm
(1388668587, 311722) -78 dBm
(1388668587, 414077) -78 dBm
(1388668587, 516525) -78 dBm
(1388668587, 618881) -78 dBm
(1388668587, 721267) -79 dBm
(1388668587, 823684) -79 dBm
(1388668587, 926132) -78 dBm
(1388668588, 28488) -78 dBm
(1388668588, 130874) -77 dBm
(1388668588, 233261) -78 dBm
(1388668588, 335769) -78 dBm
(1388668588, 438095) -78 dBm
(1388668588, 540481) -78 dBm
(1388668588, 642868) -79 dBm
(1388668588, 745346) -78 dBm
(1388668588, 847702) -78 dBm
(1388668588, 950119) -78 dBm
(1388668589, 52475) -78 dBm
(1388668589, 154983) -77 dBm
(1388668589, 257278) -78 dBm
(1388668589, 359695) -78 dBm
(1388668589, 462112) -78 dBm
(1388668589, 564499) -78 dBm
(1388668589, 666885) -79 dBm
(1388668589, 769302) -79 dBm
(1388668589, 874008) -79 dBm
(1388668589, 974106) -79 dBm
(1388668590, 76584) -78 dBm
(1388668590, 178909) -77 dBm
(1388668590, 281326) -77 dBm
(1388668590, 383713) -77 dBm
(1388668590, 486160) -77 dBm
(1388668590, 588516) -79 dBm
(1388668590, 690902) -78 dBm
(1388668590, 793319) -78 dBm
(1388668590, 895767) -78 dBm
(1388668590, 998123) -78 dBm
(1388668591, 100509) -79 dBm
(1388668591, 202896) -79 dBm
(1388668591, 305374) -77 dBm
(1388668591, 407730) -78 dBm
(1388668591, 510116) -79 dBm
(1388668591, 612533) -77 dBm
(1388668591, 715011) -78 dBm
(1388668591, 817337) -78 dBm
(1388668591, 919723) -79 dBm
(1388668592, 22140) -79 dBm
(1388668592, 124527) -78 dBm
(1388668592, 226913) -78 dBm
(1388668592, 329330) -78 dBm
(1388668592, 431656) -78 dBm
(1388668592, 534134) -79 dBm
(1388668592, 636581) -79 dBm
(1388668592, 738937) -77 dBm
(1388668592, 841324) -79 dBm
(1388668592, 943741) -78 dBm
(1388668593, 46707) -78 dBm
(1388668593, 148544) -78 dBm
(1388668593, 250931) -77 dBm
(1388668593, 353348) -78 dBm
(1388668593, 455795) -77 dBm
(1388668593, 558151) -78 dBm
(1388668593, 660537) -78 dBm
(1388668593, 762954) -77 dBm
(1388668593, 865585) -78 dBm
(1388668593, 967758) -78 dBm
(1388668594, 70144) -78 dBm
(1388668594, 172592) -78 dBm
(1388668594, 275039) -78 dBm
(1388668594, 377365) -77 dBm
(1388668594, 479751) -78 dBm
(1388668594, 582168) -78 dBm
(1388668594, 684555) -78 dBm
(1388668594, 786941) -78 dBm
(1388668594, 889358) -78 dBm
(1388668594, 991745) -78 dBm
(1388668595, 94162) -78 dBm
(1388668595, 196609) -78 dBm
(1388668595, 298965) -79 dBm
(1388668595, 401382) -79 dBm
(1388668595, 503769) -78 dBm
(1388668595, 606216) -78 dBm
(1388668595, 708572) -77 dBm
(1388668595, 810959) -79 dBm
(1388668595, 913376) -78 dBm
(1388668596, 15823) -78 dBm
(1388668596, 118179) -79 dBm
(1388668596, 220596) -77 dBm
(1388668596, 322952) -78 dBm
(1388668596, 425461) -79 dBm
(1388668596, 527786) -78 dBm
(1388668596, 630203) -78 dBm
(1388668596, 732589) -77 dBm
(1388668596, 835098) -77 dBm
(1388668596, 937393) -78 dBm
(1388668597, 25253) -78 dBm
(1388668597, 39779) -77 dBm
(1388668597, 47836) -77 dBm
(1388668597, 142166) -79 dBm
(1388668597, 244583) -78 dBm
(1388668597, 346969) -77 dBm
(1388668597, 449386) -78 dBm
(1388668597, 552292) -78 dBm
(1388668597, 654190) -78 dBm
(1388668597, 756637) -78 dBm
(1388668597, 858993) -77 dBm
(1388668597, 961410) -78 dBm
(1388668598, 63797) -79 dBm
(1388668598, 166244) -78 dBm
(1388668598, 268600) -79 dBm
(1388668598, 370987) -78 dBm
(1388668598, 473434) -77 dBm
(1388668598, 575851) -78 dBm
(1388668598, 678207) -78 dBm
(1388668598, 780594) -78 dBm
(1388668598, 883011) -79 dBm
(1388668598, 985458) -78 dBm
(1388668599, 87814) -78 dBm
(1388668599, 190231) -77 dBm
(1388668599, 292618) -78 dBm
(1388668599, 395096) -77 dBm
(1388668599, 497421) -78 dBm
(1388668599, 599838) -78 dBm
(1388668599, 702194) -79 dBm
(1388668599, 804611) -78 dBm
(1388668599, 907028) -78 dBm
(1388668600, 9414) -77 dBm
(1388668600, 111831) -77 dBm
(1388668600, 214218) -78 dBm
(1388668600, 316635) -78 dBm
(1388668600, 419021) -78 dBm
(1388668600, 521438) -77 dBm
(1388668600, 623825) -78 dBm
(1388668600, 726272) -78 dBm
(1388668600, 828628) -78 dBm
(1388668600, 931045) -78 dBm
(1388668601, 33432) -78 dBm
(1388668601, 135910) -78 dBm
(1388668601, 238235) -78 dBm
(1388668601, 340622) -78 dBm
(1388668601, 443008) -78 dBm
(1388668601, 545517) -78 dBm
(1388668601, 647842) -79 dBm
(1388668601, 750259) -78 dBm
(1388668601, 852646) -78 dBm
(1388668601, 955154) -77 dBm
(1388668602, 57449) -78 dBm
(1388668602, 159836) -78 dBm
(1388668602, 262253) -78 dBm
(1388668602, 364639) -77 dBm
(1388668602, 467056) -79 dBm
(1388668602, 569442) -78 dBm
(1388668602, 671859) -78 dBm
(1388668602, 774246) -78 dBm
(1388668602, 876663) -77 dBm
(1388668602, 979049) -79 dBm
(1388668603, 81466) -78 dBm
(1388668603, 183853) -78 dBm
(1388668603, 286300) -79 dBm
(1388668603, 388656) -79 dBm
(1388668603, 491073) -77 dBm
(1388668603, 593490) -78 dBm
(1388668603, 695907) -77 dBm
(1388668603, 798263) -79 dBm
(1388668603, 900680) -78 dBm
(1388668604, 3067) -78 dBm
(1388668604, 105514) -77 dBm
(1388668604, 207870) -78 dBm
(1388668604, 310287) -79 dBm
(1388668604, 412674) -78 dBm
(1388668604, 515152) -78 dBm
(1388668604, 617447) -79 dBm
(1388668604, 719864) -78 dBm
(1388668604, 822281) -78 dBm
(1388668604, 924759) -79 dBm
(1388668605, 27084) -78 dBm
(1388668605, 129471) -79 dBm
(1388668605, 231888) -77 dBm
(1388668605, 334274) -78 dBm
(1388668605, 436661) -78 dBm
(1388668605, 539077) -77 dBm
(1388668605, 641494) -78 dBm
(1388668605, 743881) -77 dBm
(1388668605, 846359) -78 dBm
(1388668605, 948684) -77 dBm
(1388668606, 51101) -78 dBm
(1388668606, 153518) -78 dBm
(1388668606, 255935) -78 dBm
(1388668606, 358291) -79 dBm
(1388668606, 460678) -78 dBm
(1388668606, 563095) -79 dBm
(1388668606, 665573) -78 dBm
(1388668606, 767898) -78 dBm
(1388668606, 870285) -79 dBm
(1388668606, 972702) -77 dBm
(1388668607, 75180) -77 dBm
(1388668607, 177505) -77 dBm
(1388668607, 279922) -78 dBm
(1388668607, 382309) -78 dBm
(1388668607, 484787) -78 dBm
(1388668607, 587112) -78 dBm
(1388668607, 689499) -77 dBm
(1388668607, 793442) -78 dBm
(1388668607, 894333) -78 dBm
(1388668607, 996719) -78 dBm
(1388668608, 99136) -78 dBm
(1388668608, 201523) -78 dBm
(1388668608, 303909) -79 dBm
(1388668608, 406296) -78 dBm
(1388668608, 508713) -78 dBm
(1388668608, 611129) -78 dBm
(1388668608, 713546) -78 dBm
(1388668608, 815902) -79 dBm
(1388668608, 918319) -78 dBm
(1388668609, 20736) -79 dBm
(1388668609, 123123) -78 dBm
(1388668609, 225601) -78 dBm
(1388668609, 327957) -78 dBm
(1388668609, 430313) -77 dBm
(1388668609, 532730) -78 dBm
(1388668609, 635208) -78 dBm
(1388668609, 737503) -78 dBm
(1388668609, 839920) -79 dBm
(1388668609, 942337) -77 dBm
(1388668610, 44845) -79 dBm
(1388668610, 147140) -80 dBm
(1388668610, 249557) -78 dBm
(1388668610, 352005) -79 dBm
(1388668610, 454330) -78 dBm
(1388668610, 556747) -78 dBm
(1388668610, 659134) -79 dBm
(1388668610, 761551) -78 dBm
(1388668610, 863937) -79 dBm
(1388668610, 966415) -78 dBm
(1388668611, 68741) -78 dBm
(1388668611, 171127) -77 dBm
(1388668611, 273544) -78 dBm
(1388668611, 375931) -78 dBm
(1388668611, 478378) -79 dBm
(1388668611, 580765) -78 dBm
(1388668611, 683151) -79 dBm
(1388668611, 785598) -78 dBm
(1388668611, 887954) -78 dBm
(1388668611, 990371) -79 dBm
(1388668612, 92788) -79 dBm
(1388668612, 195236) -78 dBm
(1388668612, 298111) -79 dBm
(1388668612, 399978) -81 dBm
(1388668612, 502365) -78 dBm
(1388668612, 604873) -78 dBm
(1388668612, 707168) -78 dBm
(1388668612, 809555) -78 dBm
(1388668612, 912002) -79 dBm
(1388668613, 14389) -79 dBm
(1388668613, 116775) -80 dBm
(1388668613, 219162) -80 dBm
(1388668613, 321579) -80 dBm
(1388668613, 423965) -79 dBm
(1388668613, 526413) -82 dBm
(1388668613, 628769) -83 dBm
(1388668613, 731186) -85 dBm
(1388668613, 833603) -87 dBm
(1388668613, 936050) -88 dBm
(1388668614, 38376) -86 dBm
(1388668614, 140793) -89 dBm