Corner04-1
(1388662029, 732650) -80 dBm
(1388662029, 835159) -79 dBm
(1388662029, 937454) -79 dBm
(1388662030, 39871) -79 dBm
(1388662030, 142257) -80 dBm
(1388662030, 244644) -78 dBm
(1388662030, 347061) -79 dBm
(1388662030, 449417) -79 dBm
(1388662030, 551895) -81 dBm
(1388662030, 654281) -80 dBm
(1388662030, 756668) -80 dBm
(1388662030, 859085) -79 dBm
(1388662030, 961471) -80 dBm
(1388662031, 63888) -80 dBm
(1388662031, 167495) -79 dBm
(1388662031, 268661) -79 dBm
(1388662031, 371078) -80 dBm
(1388662031, 473465) -79 dBm
(1388662031, 575943) -79 dBm
(1388662031, 678268) -79 dBm
(1388662031, 780685) -79 dBm
(1388662031, 883102) -79 dBm
(1388662031, 985550) -79 dBm
(1388662032, 87875) -79 dBm
(1388662032, 190292) -80 dBm
(1388662032, 292679) -79 dBm
(1388662032, 395187) -79 dBm
(1388662032, 497482) -78 dBm
(1388662032, 599899) -80 dBm
(1388662032, 702286) -78 dBm
(1388662032, 804703) -79 dBm
(1388662032, 907089) -78 dBm
(1388662033, 9475) -78 dBm
(1388662033, 111892) -80 dBm
(1388662033, 214309) -79 dBm
(1388662033, 316696) -80 dBm
(1388662033, 419113) -79 dBm
(1388662033, 521499) -79 dBm
(1388662033, 623916) -79 dBm
(1388662033, 726364) -78 dBm
(1388662033, 828720) -79 dBm
(1388662033, 931106) -79 dBm
(1388662034, 33523) -80 dBm
(1388662034, 135971) -80 dBm
(1388662034, 238296) -79 dBm
(1388662034, 340713) -79 dBm
(1388662034, 443100) -79 dBm
(1388662034, 545578) -79 dBm
(1388662034, 647934) -79 dBm
(1388662034, 750320) -80 dBm
(1388662034, 852737) -79 dBm
(1388662034, 955185) -78 dBm
(1388662035, 57541) -81 dBm
(1388662035, 159927) -80 dBm
(1388662035, 262314) -79 dBm
(1388662035, 364822) -75 dBm
(1388662035, 467148) -79 dBm
(1388662035, 569534) -79 dBm
(1388662035, 671951) -79 dBm
(1388662035, 774338) -79 dBm
(1388662035, 876755) -80 dBm
(1388662035, 979141) -79 dBm
(1388662036, 81558) -78 dBm
(1388662036, 183944) -79 dBm
(1388662036, 286422) -80 dBm
(1388662036, 388748) -80 dBm
(1388662036, 491165) -79 dBm
(1388662036, 593551) -78 dBm
(1388662036, 695999) -79 dBm
(1388662036, 798324) -80 dBm
(1388662036, 900741) -79 dBm
(1388662037, 3158) -80 dBm
(1388662037, 105606) -80 dBm
(1388662037, 207931) -80 dBm
(1388662037, 310898) -80 dBm
(1388662037, 412735) -80 dBm
(1388662037, 515243) -79 dBm
(1388662037, 617569) -79 dBm
(1388662037, 719955) -79 dBm
(1388662037, 822342) -80 dBm
(1388662037, 924850) -78 dBm
(1388662038, 27206) -80 dBm
(1388662038, 129562) -80 dBm
(1388662038, 231949) -80 dBm
(1388662038, 334366) -81 dBm
(1388662038, 436752) -79 dBm
(1388662038, 539169) -79 dBm
(1388662038, 641586) -80 dBm
(1388662038, 743973) -81 dBm
(1388662038, 846451) -79 dBm
(1388662038, 948776) -79 dBm
(1388662039, 51162) -79 dBm
(1388662039, 153579) -79 dBm
(1388662039, 256057) -80 dBm
(1388662039, 358383) -79 dBm
(1388662039, 460769) -80 dBm
(1388662039, 563186) -80 dBm
(1388662039, 665664) -79 dBm
(1388662039, 767990) -80 dBm
(1388662039, 870376) -79 dBm
(1388662039, 972793) -80 dBm
(1388662040, 75332) -79 dBm
(1388662040, 177597) -80 dBm
(1388662040, 279983) -79 dBm
(1388662040, 382400) -79 dBm
(1388662040, 484848) -78 dBm
(1388662040, 587204) -79 dBm
(1388662040, 690140) -79 dBm
(1388662040, 792007) -79 dBm
(1388662040, 894424) -79 dBm
(1388662040, 996811) -80 dBm
(1388662041, 99197) -79 dBm
(1388662041, 201614) -80 dBm
(1388662041, 304001) -80 dBm
(1388662041, 406448) -79 dBm
(1388662041, 501358) -78 dBm
(1388662041, 508804) -79 dBm
(1388662041, 611221) -80 dBm
(1388662041, 713608) -79 dBm
(1388662041, 816086) -79 dBm
(1388662041, 918411) -79 dBm
(1388662042, 20828) -80 dBm
(1388662042, 123214) -78 dBm
(1388662042, 225692) -79 dBm
(1388662042, 328018) -80 dBm
(1388662042, 430404) -79 dBm
(1388662042, 532821) -79 dBm
(1388662042, 635238) -79 dBm
(1388662042, 737625) -78 dBm
(1388662042, 840011) -79 dBm
(1388662042, 942428) -79 dBm
(1388662043, 44967) -78 dBm
(1388662043, 147232) -79 dBm
(1388662043, 249618) -79 dBm
(1388662043, 352035) -79 dBm
(1388662043, 454452) -79 dBm
(1388662043, 556839) -79 dBm
(1388662043, 659256) -80 dBm
(1388662043, 761642) -79 dBm
(1388662043, 864029) -79 dBm
(1388662043, 966476) -80 dBm
(1388662044, 68832) -79 dBm
(1388662044, 171219) -79 dBm
(1388662044, 273636) -79 dBm
(1388662044, 376083) -80 dBm
(1388662044, 478439) -78 dBm
(1388662044, 580887) -80 dBm
(1388662044, 683243) -79 dBm
(1388662044, 785690) -78 dBm
(1388662044, 888046) -79 dBm
(1388662044, 990463) -80 dBm
(1388662045, 92819) -80 dBm
(1388662045, 195328) -80 dBm
(1388662045, 297653) -79 dBm
(1388662045, 400070) -80 dBm
(1388662045, 502456) -79 dBm
(1388662045, 604965) -75 dBm
(1388662045, 707260) -78 dBm
(1388662045, 809677) -80 dBm
(1388662045, 912063) -80 dBm
(1388662046, 14480) -79 dBm
(1388662046, 116867) -80 dBm
(1388662046, 219253) -80 dBm
(1388662046, 321670) -79 dBm
(1388662046, 424087) -79 dBm
(1388662046, 526504) -79 dBm
(1388662046, 628860) -80 dBm
(1388662046, 731277) -80 dBm
(1388662046, 833664) -79 dBm
(1388662046, 936142) -80 dBm
(1388662047, 38498) -79 dBm
(1388662047, 140884) -79 dBm
(1388662047, 243271) -79 dBm
(1388662047, 345749) -79 dBm
(1388662047, 448074) -80 dBm
(1388662047, 550461) -79 dBm
(1388662047, 652878) -80 dBm
(1388662047, 755295) -79 dBm
(1388662047, 857681) -79 dBm
(1388662047, 960098) -79 dBm
(1388662048, 62484) -80 dBm
(1388662048, 164993) -79 dBm
(1388662048, 267288) -80 dBm
(1388662048, 369674) -80 dBm
(1388662048, 472091) -80 dBm
(1388662048, 574508) -79 dBm
(1388662048, 676895) -80 dBm
(1388662048, 779312) -79 dBm
(1388662048, 881698) -79 dBm
(1388662048, 984115) -79 dBm
(1388662049, 86563) -79 dBm
(1388662049, 188888) -79 dBm
(1388662049, 291305) -80 dBm
(1388662049, 393692) -78 dBm
(1388662049, 496170) -78 dBm
(1388662049, 598526) -79 dBm
(1388662049, 700912) -80 dBm
(1388662049, 803329) -79 dBm
(1388662049, 905746) -79 dBm
(1388662050, 8102) -79 dBm
(1388662050, 110519) -79 dBm
(1388662050, 212936) -80 dBm
(1388662050, 315384) -80 dBm
(1388662050, 417709) -79 dBm
(1388662050, 520126) -79 dBm
(1388662050, 622513) -79 dBm
(1388662050, 725021) -79 dBm
(1388662050, 827316) -79 dBm
(1388662050, 929550) -79 dBm
(1388662051, 32119) -79 dBm
(1388662051, 134536) -78 dBm
(1388662051, 236923) -78 dBm
(1388662051, 339340) -79 dBm
(1388662051, 441726) -78 dBm
(1388662051, 544143) -79 dBm
(1388662051, 646530) -78 dBm
(1388662051, 748947) -79 dBm
(1388662051, 851333) -78 dBm
(1388662051, 953720) -79 dBm
(1388662052, 56167) -79 dBm
(1388662052, 158554) -79 dBm
(1388662052, 260940) -79 dBm
(1388662052, 363327) -80 dBm
(1388662052, 465774) -79 dBm
(1388662052, 568130) -79 dBm
(1388662052, 670547) -80 dBm
(1388662052, 772964) -80 dBm
(1388662052, 875351) -80 dBm
(1388662052, 977768) -78 dBm
(1388662053, 80154) -80 dBm
(1388662053, 182571) -80 dBm
(1388662053, 285110) -80 dBm
(1388662053, 387344) -79 dBm
(1388662053, 489761) -80 dBm
(1388662053, 592148) -80 dBm
(1388662053, 694565) -79 dBm
(1388662053, 796951) -78 dBm
(1388662053, 899368) -79 dBm
(1388662054, 1755) -79 dBm
(1388662054, 104171) -78 dBm
(1388662054, 206680) -79 dBm
(1388662054, 309189) -79 dBm
(1388662054, 411361) -79 dBm
(1388662054, 513778) -79 dBm
(1388662054, 616226) -81 dBm
(1388662054, 718582) -79 dBm
(1388662054, 820999) -79 dBm
(1388662054, 923385) -79 dBm
(1388662055, 25863) -79 dBm
(1388662055, 128158) -79 dBm
(1388662055, 230575) -79 dBm
(1388662055, 332962) -79 dBm
(1388662055, 435409) -79 dBm
(1388662055, 537796) -79 dBm
(1388662055, 640182) -79 dBm
(1388662055, 742599) -79 dBm
(1388662055, 947403) -79 dBm
(1388662056, 50094) -80 dBm
(1388662056, 152206) -80 dBm
(1388662056, 254593) -79 dBm
(1388662056, 357010) -79 dBm
(1388662056, 459396) -79 dBm
(1388662056, 561783) -79 dBm
(1388662056, 664200) -80 dBm
(1388662056, 766586) -80 dBm
(1388662056, 869003) -80 dBm
(1388662056, 971390) -80 dBm
(1388662057, 73807) -80 dBm
(1388662057, 176254) -79 dBm
(1388662057, 278610) -80 dBm
(1388662057, 380996) -80 dBm
(1388662057, 483413) -79 dBm
(1388662057, 585861) -79 dBm
(1388662057, 688217) -80 dBm
(1388662057, 790603) -79 dBm
(1388662057, 893020) -79 dBm
(1388662057, 995407) -78 dBm
(1388662058, 97824) -80 dBm
(1388662058, 200210) -80 dBm
(1388662058, 302627) -79 dBm
(1388662058, 405014) -79 dBm
(1388662058, 507431) -80 dBm
(1388662058, 609817) -78 dBm
(1388662058, 712234) -78 dBm
(1388662058, 814621) -79 dBm
(1388662058, 917038) -80 dBm
(1388662059, 19424) -80 dBm
(1388662059, 121841) -79 dBm
(1388662059, 224228) -79 dBm
(1388662059, 326675) -79 dBm
(1388662059, 429031) -81 dBm
(1388662059, 531448) -81 dBm
(1388662059, 633835) -80 dBm
(1388662059, 736313) -79 dBm
(1388662059, 838638) -79 dBm
(1388662059, 941055) -79 dBm
(1388662060, 43442) -80 dBm
(1388662060, 145920) -80 dBm
(1388662060, 248245) -79 dBm
(1388662060, 350631) -79 dBm
(1388662060, 453048) -79 dBm
(1388662060, 555404) -80 dBm
(1388662060, 657852) -80 dBm
(1388662060, 760238) -82 dBm
(1388662060, 862655) -80 dBm
(1388662060, 965164) -80 dBm
(1388662061, 67459) -79 dBm
(1388662061, 169845) -82 dBm
(1388662061, 272262) -79 dBm
(1388662061, 374649) -79 dBm
(1388662061, 477066) -80 dBm
(1388662061, 579452) -81 dBm
(1388662061, 681869) -82 dBm
(1388662061, 784256) -82 dBm
(1388662061, 886673) -82 dBm
(1388662061, 989059) -81 dBm
(1388662062, 91476) -86 dBm
(1388662062, 193863) -84 dBm
(1388662062, 296341) -77 dBm
(1388662062, 398666) -78 dBm
(1388662062, 501083) -78 dBm
(1388662062, 603470) -82 dBm
(1388662062, 705917) -85 dBm
(1388662062, 808273) -83 dBm
(1388662062, 910690) -81 dBm